0	0	0	0	0	0	0
0.02	0	-0.192276	0.392	0	0	0
0.04	0	-0.3801168	0.7764492	0	0	0
0.06	0	-0.5624816	1.15405	0	0	0
0.08	0	-0.7384313	1.525444	0	0	0
0.09999999	0	-0.9071327	1.891198	0	0	0
0.12	0	-1.067861	2.251803	0	0	0
0.14	0	-1.220004	2.607671	0	0	0
0.16	0	-1.363057	2.959131	0	0	0
0.18	0	-1.496628	3.306433	0	0	0
0.2	0	-1.620429	3.64975	0	0	0
0.22	0	-1.734279	3.989186	0	0	0
0.24	0	-1.838095	4.324781	0	0	0
0.26	0	-1.931888	4.656518	0	0	0
0.28	0	-2.015757	4.984334	0	0	0
0.3	0	-2.089882	5.308125	0	0	0
0.32	0	-2.154518	5.62776	0	0	0
0.34	0	-2.209983	5.943085	0	0	0
0.36	0	-2.256653	6.253932	0	0	0
0.38	0	-2.29495	6.560129	0	0	0
0.4	0	-2.325336	6.861504	0	0	0
0.42	0	-2.348306	7.15789	0	0	0
0.44	0	-2.364374	7.449133	0	0	0
0.46	0	-2.374069	7.735094	0	0	0
0.48	0	-2.377925	8.015649	0	0	0
0.5	0	-2.376478	8.290697	0	0	0
0.52	0	-2.370257	8.560158	0	0	0
0.54	0	-2.359776	8.823971	0	0	0
0.56	0	-2.345536	9.082099	0	0	0
0.58	0	-2.328014	9.334524	0	0	0
0.6	0	-2.307664	9.58125	0	0	0
0.62	0	-2.284914	9.822299	0	0	0
0.64	0	-2.260162	10.05771	0	0	0
0.66	0	-2.233778	10.28753	0	0	0
0.68	0	-2.206102	10.51184	0	0	0
0.7	0.0004206439	-2.177442	10.73071	0	-0.00196	0
0.72	0.001690693	-2.148078	10.94424	0	-0.0058408	0
0.74	0.00424515	-2.118261	11.15251	0	-0.01160398	0
0.76	0.008523517	-2.088212	11.35564	0	-0.01921191	0
0.78	0.01496818	-2.058128	11.55373	0	-0.02862767	0
0.8	0.02448338	-2.028179	11.74689	0	-0.04177512	0
0.82	0.0375091	-1.998513	11.93524	0	-0.05661961	0
0.84	0.05448336	-1.969254	12.11887	0	-0.07312723	0
0.86	0.07584107	-1.940509	12.29789	0	-0.09126469	0
0.88	0.1020131	-1.912364	12.47239	0	-0.1109994	0
0.9	0.1339207	-1.88489	12.64246	0	-0.1342594	0
0.92	0.1719766	-1.858143	12.80816	0	-0.1590143	0
0.94	0.2165866	-1.832164	12.96956	0	-0.185234	0
0.96	0.2681477	-1.806985	13.12669	0	-0.2128893	0
0.98	0.3270486	-1.782627	13.27957	0	-0.2419516	0
1	0.384193	-1.759101	13.42849	0	-0.2371125	0
1.02	0.4395956	-1.736411	13.57358	0	-0.2323703	0
1.04	0.4932728	-1.714555	13.71496	0	-0.2277229	0
1.06	0.5452424	-1.693525	13.85274	0	-0.2231684	0
1.08	0.5955239	-1.673309	13.98705	0	-0.2187051	0
1.1	0.6441379	-1.65389	14.118	0	-0.214331	0
1.12	0.6911055	-1.635248	14.2457	0	-0.2100444	0
1.14	0.73645	-1.617363	14.37024	0	-0.2058435	0
1.16	0.7801946	-1.600209	14.49174	0	-0.2017266	0
1.18	0.8223635	-1.583763	14.61028	0	-0.1976921	0
1.2	0.8629821	-1.567999	14.72596	0	-0.1937382	0
1.22	0.9020761	-1.55289	14.83887	0	-0.1898635	0
1.24	0.9396715	-1.53841	14.94908	0	-0.1860662	0
1.26	0.9757946	-1.524533	15.05669	0	-0.1823449	0
1.28	1.010473	-1.511231	15.16177	0	-0.178698	0
1.3	1.043733	-1.498479	15.2644	0	-0.175124	0
1.32	1.075602	-1.486253	15.36464	0	-0.1716216	0
1.34	1.106109	-1.474528	15.46257	0	-0.1681891	0
1.36	1.135281	-1.46328	15.55826	0	-0.1648254	0
1.38	1.164372	-1.452486	15.65168	0	-0.1654489	0
1.4	1.193994	-1.442124	15.74283	0	-0.1680199	0
1.42	1.224741	-1.432174	15.83172	0	-0.1724995	0
1.44	1.257194	-1.422615	15.91836	0	-0.1788495	0
1.46	1.29192	-1.413428	16.00274	0	-0.1870325	0
1.48	1.3301	-1.404596	16.08478	0	-0.1989719	0
1.5	1.372252	-1.396101	16.16448	0	-0.2126324	0
1.52	1.418878	-1.387927	16.24179	0	-0.2279798	0
1.54	1.470463	-1.380058	16.31668	0	-0.2449802	0
1.56	1.527478	-1.372481	16.38909	0	-0.2636006	0
1.58	1.591022	-1.365182	16.4589	0	-0.2857686	0
1.6	1.661514	-1.358149	16.52602	0	-0.3094532	0
1.62	1.739352	-1.351369	16.59036	0	-0.3346242	0
1.64	1.824922	-1.344832	16.65179	0	-0.3612517	0
1.66	1.918588	-1.338527	16.71019	0	-0.3893067	0
1.68	2.021357	-1.332446	16.76532	0	-0.4207206	0
1.7	2.133533	-1.326578	16.81698	0	-0.4534662	0
1.72	2.255407	-1.320917	16.86497	0	-0.4875169	0
1.74	2.387243	-1.315455	16.90906	0	-0.5228466	0
1.76	2.529287	-1.310185	16.94896	0	-0.5594298	0
1.78	2.68243	-1.3051	16.98429	0	-0.5992011	0
1.8	2.846843	-1.300197	17.0147	0	-0.6401371	0
1.82	3.022677	-1.295469	17.03981	0	-0.6822144	0
1.84	3.210051	-1.290912	17.05924	0	-0.7254101	0
1.86	3.409727	-1.286524	17.07239	0	-0.7716619	0
1.88	3.621738	-1.282301	17.07879	0	-0.8189487	0
1.9	3.823988	-1.278241	17.08285	0	-0.8025697	0
1.92	4.016746	-1.274341	17.08489	0	-0.7865184	0
1.94	4.200281	-1.2706	17.0852	0	-0.770788	0
1.96	4.374862	-1.267013	17.08403	0	-0.7553723	0
1.98	4.540752	-1.263578	17.08163	0	-0.7402648	0
2	4.698215	-1.260291	17.07823	0	-0.7254596	0
2.02	4.847507	-1.257147	17.07403	0	-0.7109504	0
2.04	4.988887	-1.254143	17.06922	0	-0.6967314	0
2.06	5.122604	-1.251274	17.06397	0	-0.6827968	0
2.08	5.248906	-1.248536	17.05844	0	-0.6691409	0
2.1	5.368032	-1.245925	17.05277	0	-0.6557581	0
2.12	5.480223	-1.243435	17.0471	0	-0.6426429	0
2.14	5.585708	-1.241062	17.04154	0	-0.6297901	0
2.16	5.684714	-1.238802	17.0362	0	-0.6171943	0
2.18	5.777465	-1.236649	17.03117	0	-0.6048504	0
2.2	5.864173	-1.2346	17.02654	0	-0.5927534	0
2.22	5.945052	-1.232649	17.02238	0	-0.5808983	0
2.24	6.020307	-1.230792	17.01876	0	-0.5692804	0
2.26	6.090136	-1.229024	17.01575	0	-0.5578948	0
2.28	6.154734	-1.227341	17.01339	0	-0.5467369	0
2.3	6.214292	-1.225739	17.01172	0	-0.5358022	0
2.32	6.268991	-1.224213	17.01079	0	-0.5250862	0
2.34	6.319011	-1.22276	17.01062	0	-0.5145844	0
2.36	6.364522	-1.221375	17.01125	0	-0.5042927	0
2.38	6.405699	-1.220055	17.01268	0	-0.4942069	0
2.4	6.442698	-1.218796	17.01495	0	-0.4843228	0
2.42	6.475681	-1.217594	17.01806	0	-0.4746363	0
2.44	6.504801	-1.216446	17.02202	0	-0.4651436	0
2.46	6.529537	-1.215348	17.02709	0	-0.4538807	0
2.48	6.549395	-1.214298	17.03353	0	-0.4408831	0
2.5	6.563901	-1.213291	17.04158	0	-0.4261854	0
2.52	6.572604	-1.212325	17.05148	0	-0.4098217	0
2.54	6.575071	-1.211396	17.06346	0	-0.3918253	0
2.56	6.570216	-1.210501	17.078	0	-0.3702688	0
2.58	6.557673	-1.209638	17.09529	0	-0.3471834	0
2.6	6.537085	-1.208801	17.11552	0	-0.3225997	0
2.62	6.508106	-1.207989	17.13884	0	-0.2965477	0
2.64	6.470405	-1.207196	17.1654	0	-0.2690568	0
2.66	6.422991	-1.206421	17.19557	0	-0.2381956	0
2.68	6.365567	-1.205658	17.22943	0	-0.2059917	0
2.7	6.297853	-1.204903	17.26704	0	-0.1724719	0
2.72	6.219574	-1.204155	17.30843	0	-0.1376624	0
2.74	6.130455	-1.203407	17.35359	0	-0.1015892	0
2.76	6.029542	-1.202656	17.40274	0	-0.06231735	0
2.78	5.916587	-1.201899	17.45577	0	-0.02187099	0
2.8	5.791348	-1.201132	17.51258	0	0.01972646	0
2.82	5.668727	-1.20035	17.56812	0	0.01933193	0
2.84	5.548676	-1.199552	17.62241	0	0.01894529	0
2.86	5.431141	-1.198734	17.67549	0	0.01856638	0
2.88	5.316068	-1.197896	17.72739	0	0.01819506	0
2.9	5.203406	-1.197037	17.77813	0	0.01783115	0
2.92	5.093107	-1.196157	17.82774	0	0.01747453	0
2.94	4.985123	-1.195257	17.87625	0	0.01712504	0
2.96	4.879405	-1.194337	17.92368	0	0.01678254	0
2.98	4.775906	-1.193398	17.97007	0	0.01644689	0
3	4.674581	-1.19244	18.01542	0	0.01611795	0
3.02	4.575383	-1.191467	18.05977	0	0.01579559	0
3.04	4.478273	-1.190477	18.10314	0	0.01547968	0
3.06	4.38249	-1.189474	18.14573	0	0.01713009	0
3.08	4.287309	-1.188458	18.1877	0	0.02070749	0
3.1	4.192019	-1.187431	18.22922	0	0.02617334	0
3.12	4.095941	-1.186394	18.27043	0	0.03348988	0
3.14	3.997698	-1.185349	18.31161	0	0.04458008	0
3.16	3.896675	-1.184295	18.35284	0	0.05740849	0
3.18	3.792281	-1.183235	18.39421	0	0.07194033	0
3.2	3.683939	-1.182169	18.43576	0	0.08814153	0
3.22	3.571106	-1.181098	18.47754	0	0.1059787	0
3.24	3.452513	-1.180023	18.51969	0	0.1273792	0
3.26	3.327678	-1.178943	18.5622	0	0.1503116	0
3.28	3.196121	-1.177859	18.60503	0	0.1747454	0
3.3	3.057388	-1.176772	18.6481	0	0.2006505	0
3.32	2.911038	-1.175681	18.69132	0	0.2279975	0
3.34	2.755916	-1.174587	18.73469	0	0.2587175	0
3.36	2.591635	-1.17349	18.77804	0	0.2907832	0
3.38	2.417831	-1.17239	18.82117	0	0.3241675	0
3.4	2.234148	-1.171287	18.86385	0	0.3588442	0
3.42	2.040254	-1.170182	18.90582	0	0.3947873	0
3.44	1.835086	-1.169075	18.94687	0	0.4339316	0
3.46	1.61837	-1.167967	18.98662	0	0.4742529	0
3.48	1.38985	-1.166857	19.0247	0	0.5157279	0
3.5	1.149284	-1.165748	19.06066	0	0.5583333	0
3.52	0.8957109	-1.16464	19.09406	0	0.6040066	0
3.54	0.6289625	-1.163534	19.12436	0	0.6507266	0
3.56	0.3488989	-1.162432	19.15096	0	0.698472	0
3.58	0.05540371	-1.161336	19.17324	0	0.7472226	0
3.6	-0.251605	-1.160248	19.19051	0	0.7969581	0
3.62	-0.572175	-1.159171	19.20204	0	0.8476589	0
3.64	-0.9070721	-1.158108	19.20705	0	0.9012657	0
3.66	-1.256238	-1.157062	19.20466	0	0.9557604	0
3.68	-1.619569	-1.156037	19.194	0	1.011125	0
3.7	-1.996909	-1.155038	19.17411	0	1.067343	0
3.72	-2.388799	-1.154069	19.14393	0	1.126356	0
3.74	-2.794931	-1.153137	19.10238	0	1.186149	0
3.76	-3.214937	-1.152248	19.04837	0	1.246706	0
3.78	-3.648372	-1.151407	18.98075	0	1.308012	0
3.8	-4.094712	-1.150624	18.89836	0	1.370052	0
3.82	-4.55335	-1.149905	18.8	0	1.432811	0
3.84	-5.023591	-1.149261	18.68445	0	1.496274	0
3.86	-5.504639	-1.148699	18.55047	0	1.560429	0
3.88	-5.996324	-1.148232	18.39661	0	1.627221	0
3.9	-6.49759	-1.147869	18.22155	0	1.694636	0
3.92	-7.007267	-1.147623	18.02402	0	1.762663	0
3.94	-7.524063	-1.147507	17.80275	0	1.83129	0
3.96	-8.009377	-1.147535	17.57351	0	1.794664	0
3.98	-8.464176	-1.147717	17.33814	0	1.758771	0
4	-8.889471	-1.148066	17.09835	0	1.723596	0
4.02	-9.286299	-1.148589	16.85568	0	1.689124	0
4.04	-9.655718	-1.149291	16.61154	0	1.655341	0
4.06	-9.998803	-1.150178	16.36723	0	1.622235	0
4.08	-10.31663	-1.151252	16.12388	0	1.58979	0
4.1	-10.61026	-1.152514	15.88255	0	1.557994	0
4.12	-10.88078	-1.153966	15.64416	0	1.526834	0
4.14	-11.12922	-1.155604	15.40953	0	1.496298	0
4.16	-11.35663	-1.157428	15.17941	0	1.466372	0
4.18	-11.56402	-1.159433	14.95442	0	1.437044	0
4.2	-11.75238	-1.161616	14.73515	0	1.408303	0
4.22	-11.92267	-1.163972	14.52206	0	1.380137	0
4.24	-12.07583	-1.166496	14.31558	0	1.352535	0
4.26	-12.21277	-1.169181	14.11606	0	1.325484	0
4.28	-12.33437	-1.172021	13.92378	0	1.298974	0
4.3	-12.44147	-1.175008	13.739	0	1.272995	0
4.32	-12.53436	-1.178137	13.56237	0	1.245575	0
4.34	-12.61333	-1.181398	13.39455	0	1.216744	0
4.36	-12.6787	-1.184785	13.23612	0	1.186529	0
4.38	-12.73081	-1.188287	13.08762	0	1.154958	0
4.4	-12.76999	-1.191897	12.94955	0	1.122059	0
4.42	-12.79607	-1.195605	12.82286	0	1.085898	0
4.44	-12.80943	-1.1994	12.70795	0	1.0485	0
4.46	-12.81044	-1.203273	12.60516	0	1.00989	0
4.48	-12.79943	-1.207212	12.51477	0	0.970092	0
4.5	-12.77675	-1.211205	12.43704	0	0.9291301	0
4.52	-12.74222	-1.21524	12.37267	0	0.8850675	0
4.54	-12.69614	-1.219305	12.32179	0	0.8399262	0
4.56	-12.63881	-1.223386	12.28448	0	0.7937276	0
4.58	-12.57048	-1.227469	12.2608	0	0.7464931	0
4.6	-12.49089	-1.231541	12.25122	0	0.6962832	0
4.62	-12.40022	-1.235588	12.25567	0	0.6451176	0
4.64	-12.29865	-1.239594	12.27405	0	0.5930152	0
4.66	-12.1863	-1.243544	12.30619	0	0.5399949	0
4.68	-12.06322	-1.247424	12.35191	0	0.486075	0
4.7	-11.92896	-1.251218	12.41142	0	0.4293135	0
4.72	-11.78352	-1.254911	12.48442	0	0.3717273	0
4.74	-11.62685	-1.258488	12.57056	0	0.3133327	0
4.76	-11.47227	-1.261934	12.65732	0	0.3070661	0
4.78	-11.31973	-1.265236	12.7446	0	0.3009247	0
4.8	-11.16921	-1.268384	12.83232	0	0.2949063	0
4.82	-11.02069	-1.271371	12.92039	0	0.2890081	0
4.84	-10.87414	-1.274189	13.00873	0	0.283228	0
4.86	-10.72953	-1.276836	13.09727	0	0.2775634	0
4.88	-10.58683	-1.279307	13.18595	0	0.2720122	0
4.9	-10.44602	-1.281601	13.27467	0	0.2665719	0
4.92	-10.30706	-1.283718	13.36339	0	0.2612405	0
4.94	-10.16993	-1.285657	13.45205	0	0.2560157	0
4.96	-10.0346	-1.28742	13.54058	0	0.2508954	0
4.98	-9.901051	-1.289008	13.62892	0	0.2458775	0
5	-9.769247	-1.290423	13.71703	0	0.24096	0
5.02	-9.639169	-1.291668	13.80487	0	0.2361408	0
5.04	-9.510786	-1.292747	13.89237	0	0.231418	0
5.06	-9.383528	-1.293663	13.97987	0	0.2248296	0
5.08	-9.256281	-1.29442	14.06803	0	0.214453	0
5.1	-9.128514	-1.295023	14.1571	0	0.202324	0
5.12	-8.999715	-1.295474	14.24731	0	0.1884775	0
5.14	-8.869371	-1.295779	14.33888	0	0.1729479	0
5.16	-8.736423	-1.29594	14.43231	0	0.153809	0
5.18	-8.600398	-1.295962	14.52776	0	0.1330928	0
5.2	-8.460828	-1.295848	14.62534	0	0.1108309	0
5.22	-8.317263	-1.295601	14.72514	0	0.0870543	0
5.24	-8.169249	-1.295225	14.82722	0	0.06179319	0
5.26	-8.015755	-1.294721	14.93195	0	0.03311732	0
5.28	-7.856359	-1.294094	15.03931	0	0.003054973	0
5.3	-7.690639	-1.293344	15.14927	0	-0.02836613	0
5.32	-7.518175	-1.292475	15.26177	0	-0.06111882	0
5.34	-7.338557	-1.291488	15.37671	0	-0.09517648	0
5.36	-7.150757	-1.290386	15.49425	0	-0.1324729	0
5.38	-6.954389	-1.289171	15.6142	0	-0.1709835	0
5.4	-6.749053	-1.287844	15.73635	0	-0.2106839	0
5.42	-6.534359	-1.286409	15.86044	0	-0.2515502	0
5.44	-6.324965	-1.284865	15.98025	0	-0.2465192	0
5.46	-6.120764	-1.283218	16.09593	0	-0.2415888	0
5.48	-5.921672	-1.281471	16.20765	0	-0.236757	0
5.5	-5.727587	-1.27963	16.31558	0	-0.2320219	0
5.52	-5.538419	-1.277699	16.41985	0	-0.2273815	0
5.54	-5.354078	-1.275687	16.52061	0	-0.2228338	0
5.56	-5.173162	-1.273599	16.61839	0	-0.2222972	0
5.58	-4.994962	-1.271442	16.71349	0	-0.2237312	0
5.6	-4.818783	-1.269224	16.80614	0	-0.2270966	0
5.62	-4.643938	-1.26695	16.89656	0	-0.2323547	0
5.64	-4.469763	-1.264628	16.98492	0	-0.2394676	0
5.66	-4.294941	-1.262263	17.07155	0	-0.2503583	0
5.68	-4.11886	-1.259862	17.15655	0	-0.2629911	0
5.7	-3.940919	-1.257429	17.23999	0	-0.2773313	0
5.72	-3.760542	-1.254971	17.32192	0	-0.2933447	0
5.74	-3.577158	-1.252492	17.40236	0	-0.3109978	0
5.76	-3.390223	-1.249996	17.48131	0	-0.3302579	0
5.78	-3.198513	-1.247488	17.55884	0	-0.3530527	0
5.8	-3.00154	-1.244971	17.63489	0	-0.3773517	0
5.82	-2.798821	-1.242449	17.70933	0	-0.4031247	0
5.84	-2.589897	-1.239926	17.78201	0	-0.4303423	0
5.86	-2.373623	-1.237404	17.85287	0	-0.4609354	0
5.88	-2.149595	-1.234886	17.92165	0	-0.4928768	0
5.9	-1.917428	-1.232377	17.98812	0	-0.5261393	0
5.92	-1.676756	-1.229877	18.05194	0	-0.5606965	0
5.94	-1.427234	-1.227391	18.11282	0	-0.5965226	0
5.96	-1.167823	-1.224921	18.17041	0	-0.6355522	0
5.98	-0.8982506	-1.22247	18.22428	0	-0.6757612	0
6	-0.6182642	-1.22004	18.27396	0	-0.717126	0
6.02	-0.3276386	-1.217635	18.31894	0	-0.7596235	0
6.04	-0.02617455	-1.215258	18.35867	0	-0.803231	0
6.06	0.2862864	-1.212913	18.39256	0	-0.8479264	0
6.08	0.6105967	-1.210603	18.41996	0	-0.8956478	0
6.1	0.9468203	-1.208332	18.44017	0	-0.9443749	0
6.12	1.269665	-1.206104	18.45419	0	-0.9254875	0
6.14	1.579417	-1.203925	18.46262	0	-0.9069777	0
6.16	1.876373	-1.201797	18.46604	0	-0.8888382	0
6.18	2.160839	-1.199726	18.46497	0	-0.8710614	0
6.2	2.433124	-1.197714	18.45988	0	-0.8536403	0
6.22	2.693539	-1.195766	18.45125	0	-0.8365675	0
6.24	2.942397	-1.193884	18.4395	0	-0.8198361	0
6.26	3.180014	-1.192071	18.42501	0	-0.8034394	0
6.28	3.406705	-1.190329	18.40816	0	-0.7873707	0
6.3	3.622783	-1.188658	18.38928	0	-0.7716233	0
6.32	3.828558	-1.187062	18.36869	0	-0.7561908	0
6.34	4.024342	-1.185539	18.34668	0	-0.741067	0
6.36	4.210437	-1.18409	18.32351	0	-0.7262456	0
6.38	4.387146	-1.182715	18.29943	0	-0.7117208	0
6.4	4.553331	-1.181414	18.27502	0	-0.6935664	0
6.42	4.708637	-1.180185	18.25071	0	-0.6738151	0
6.44	4.852732	-1.179029	18.2269	0	-0.6524988	0
6.46	4.985309	-1.177942	18.20401	0	-0.6296488	0
6.48	5.106086	-1.176923	18.18244	0	-0.6052958	0
6.5	5.214091	-1.175969	18.16276	0	-0.5775099	0
6.52	5.309113	-1.175079	18.14536	0	-0.5483198	0
6.54	5.390961	-1.174249	18.13059	0	-0.5177533	0
6.56	5.459453	-1.173476	18.11877	0	-0.4858382	0
6.58	5.514421	-1.172756	18.1102	0	-0.4526015	0
6.6	5.564935	-1.172086	18.10232	0	-0.4435495	0
6.62	5.611157	-1.171461	18.09514	0	-0.4346785	0
6.64	5.653247	-1.170879	18.0887	0	-0.4259849	0
6.66	5.69136	-1.170336	18.08301	0	-0.4174652	0
6.68	5.725643	-1.169829	18.07806	0	-0.4091159	0
6.7	5.756243	-1.169356	18.07389	0	-0.4009336	0
6.72	5.783298	-1.168914	18.07048	0	-0.392915	0
6.74	5.806947	-1.1685	18.06784	0	-0.3850566	0
6.76	5.827319	-1.168112	18.06596	0	-0.3773555	0
6.78	5.844542	-1.167748	18.06486	0	-0.3698084	0
6.8	5.858739	-1.167406	18.06451	0	-0.3624122	0
6.82	5.870032	-1.167084	18.06492	0	-0.355164	0
6.84	5.878534	-1.16678	18.06607	0	-0.3480607	0
6.86	5.884359	-1.166493	18.06796	0	-0.3410995	0
6.88	5.887615	-1.16622	18.07056	0	-0.3342775	0
6.9	5.888406	-1.165961	18.07388	0	-0.327592	0
6.92	5.886833	-1.165714	18.07789	0	-0.3210402	0
6.94	5.882995	-1.165477	18.08259	0	-0.3146194	0
6.96	5.876987	-1.165249	18.08794	0	-0.308327	0
6.98	5.868899	-1.165029	18.09395	0	-0.3021604	0
7	5.858821	-1.164816	18.10058	0	-0.2961172	0
7.02	5.847549	-1.164608	18.1076	0	-0.2921549	0
7.04	5.835845	-1.164405	18.11476	0	-0.2902318	0
7.06	5.824445	-1.164206	18.12183	0	-0.2903072	0
7.08	5.814049	-1.16401	18.12858	0	-0.2923411	0
7.1	5.806045	-1.163816	18.13456	0	-0.2982543	0
7.12	5.80105	-1.163625	18.13956	0	-0.3060092	0
7.14	5.799654	-1.163435	18.14338	0	-0.315569	0
7.16	5.80242	-1.163248	18.14582	0	-0.3268977	0
7.18	5.809888	-1.163063	18.14666	0	-0.3399597	0
7.2	5.814744	-1.162881	18.14824	0	-0.3331605	0
7.22	5.817094	-1.162702	18.15051	0	-0.3264973	0
7.24	5.817041	-1.162526	18.15349	0	-0.3199674	0
7.26	5.814684	-1.162355	18.15715	0	-0.3135681	0
7.28	5.810119	-1.162186	18.16148	0	-0.3072967	0
7.3	5.803438	-1.16202	18.16645	0	-0.3011508	0
7.32	5.794731	-1.161857	18.17205	0	-0.2951277	0
7.34	5.784085	-1.161697	18.17828	0	-0.2892252	0
7.36	5.77087	-1.161538	18.18533	0	-0.2814807	0
7.38	5.753771	-1.16138	18.19363	0	-0.2699711	0
7.4	5.732239	-1.161222	18.20336	0	-0.2567317	0
7.42	5.705746	-1.161065	18.21471	0	-0.241797	0
7.44	5.673787	-1.160906	18.22783	0	-0.2252011	0
7.46	5.635876	-1.160745	18.24288	0	-0.2069771	0
7.48	5.590832	-1.160581	18.26021	0	-0.1851975	0
7.5	5.538233	-1.160412	18.27992	0	-0.1618936	0
7.52	5.477673	-1.160237	18.30212	0	-0.1370957	0
7.54	5.408757	-1.160054	18.32686	0	-0.1108338	0
7.56	5.331108	-1.159862	18.3542	0	-0.08313709	0
7.58	5.243636	-1.159659	18.38437	0	-0.05207434	0
7.6	5.14601	-1.159443	18.41733	0	-0.01967283	0
7.62	5.037909	-1.159212	18.45306	0	0.01404064	0
7.64	4.919016	-1.158965	18.49147	0	0.04903984	0
7.66	4.789027	-1.158699	18.53246	0	0.08529906	0
7.68	4.662203	-1.158413	18.57222	0	0.08359308	0
7.7	4.538473	-1.158105	18.6108	0	0.08192122	0
7.72	4.417767	-1.157774	18.64825	0	0.0802828	0
7.74	4.300016	-1.157421	18.68459	0	0.07867715	0
7.76	4.185153	-1.157045	18.71988	0	0.07710361	0
7.78	4.073113	-1.156647	18.75414	0	0.07556154	0
7.8	3.96383	-1.156228	18.7874	0	0.07405031	0
7.82	3.857244	-1.155789	18.81971	0	0.0725693	0
7.84	3.753289	-1.155331	18.85109	0	0.07111792	0
7.86	3.651908	-1.154855	18.88157	0	0.06969555	0
7.88	3.55304	-1.154363	18.91119	0	0.06830165	0
7.9	3.456627	-1.153854	18.93997	0	0.06693561	0
7.92	3.362613	-1.153332	18.96794	0	0.0655969	0
7.94	3.270942	-1.152797	18.99512	0	0.06428497	0
7.96	3.181558	-1.152251	19.02155	0	0.06299927	0
7.98	3.094411	-1.151694	19.04724	0	0.06173929	0
8	3.009445	-1.151128	19.07222	0	0.0605045	0
8.02	2.926612	-1.150555	19.0965	0	0.05929441	0
8.04	2.845861	-1.149974	19.12013	0	0.05810853	0
8.059999	2.767143	-1.149388	19.1431	0	0.05694636	0
8.08	2.69041	-1.148797	19.16546	0	0.05580743	0
8.099999	2.615616	-1.148203	19.18721	0	0.05469128	0
8.12	2.542715	-1.147606	19.20837	0	0.05359746	0
8.139999	2.471662	-1.147007	19.22896	0	0.05252551	0
8.16	2.402413	-1.146407	19.249	0	0.051475	0
8.179999	2.334926	-1.145806	19.26851	0	0.0504455	0
8.2	2.269158	-1.145206	19.2875	0	0.0494366	0
8.22	2.20507	-1.144607	19.30599	0	0.04844787	0
8.24	2.141862	-1.14401	19.32407	0	0.04943891	0
8.26	2.078767	-1.143415	19.34184	0	0.05237013	0
8.28	2.015045	-1.142823	19.35937	0	0.05720273	0
8.3	1.949224	-1.142234	19.37681	0	0.06585868	0
8.32	1.880645	-1.141648	19.39419	0	0.07630152	0
8.34	1.808678	-1.141067	19.41154	0	0.08849549	0
8.36	1.732716	-1.140489	19.4289	0	0.1024056	0
8.38	1.651412	-1.139916	19.44632	0	0.1199575	0
8.4	1.564234	-1.139347	19.46379	0	0.1391183	0
8.42	1.470673	-1.138782	19.48127	0	0.159856	0
8.44	1.37024	-1.138221	19.4987	0	0.1821389	0
8.46	1.262465	-1.137665	19.51602	0	0.2059361	0
8.48	1.158386	-1.137112	19.53245	0	0.2018174	0
8.5	1.057902	-1.136564	19.54804	0	0.1977811	0
8.52	0.9609156	-1.136021	19.56284	0	0.1938254	0
8.54	0.8673314	-1.135482	19.5769	0	0.1899489	0
8.559999	0.7770559	-1.134948	19.59026	0	0.18615	0
8.58	0.6899973	-1.134419	19.60296	0	0.182427	0
8.599999	0.6060665	-1.133897	19.61503	0	0.1787784	0
8.62	0.5251762	-1.13338	19.62653	0	0.1752029	0
8.639999	0.4472408	-1.132869	19.63747	0	0.1716988	0
8.66	0.3721773	-1.132366	19.6479	0	0.1682648	0
8.679999	0.2999041	-1.131869	19.65785	0	0.1648995	0
8.7	0.230342	-1.13138	19.66733	0	0.1616016	0
8.72	0.1626418	-1.130898	19.6764	0	0.1603295	0
8.74	0.09598678	-1.130424	19.68506	0	0.161043	0
8.76	0.02959049	-1.129958	19.69333	0	0.1637021	0
8.78	-0.03807533	-1.1295	19.70121	0	0.1702281	0
8.8	-0.1077076	-1.12905	19.70868	0	0.1785835	0
8.82	-0.1799742	-1.128609	19.71572	0	0.1887318	0
8.84	-0.2555169	-1.128176	19.72227	0	0.2006372	0
8.86	-0.3349509	-1.127753	19.72831	0	0.2142645	0
8.88	-0.4196386	-1.127337	19.73373	0	0.2315392	0
8.9	-0.5101132	-1.126931	19.73847	0	0.2504284	0
8.92	-0.606884	-1.126534	19.74242	0	0.2708999	0
8.94	-0.7104354	-1.126146	19.74545	0	0.2929219	0
8.96	-0.8212292	-1.125768	19.74745	0	0.3164635	0
8.98	-0.9404777	-1.1254	19.7482	0	0.3434542	0
9	-1.068565	-1.125042	19.74753	0	0.3718652	0
9.02	-1.205851	-1.124694	19.74522	0	0.4016679	0
9.04	-1.352675	-1.124358	19.74104	0	0.4328345	0
9.059999	-1.493104	-1.124034	19.73595	0	0.4241779	0
9.08	-1.62733	-1.123722	19.73008	0	0.4156943	0
9.099999	-1.75554	-1.123424	19.72351	0	0.4073804	0
9.12	-1.877915	-1.123139	19.71637	0	0.3992328	0
9.139999	-1.994637	-1.122868	19.70872	0	0.3912482	0
9.16	-2.105879	-1.122612	19.70067	0	0.3834232	0
9.179999	-2.211812	-1.12237	19.69228	0	0.3757548	0
9.2	-2.312603	-1.122143	19.68363	0	0.3682397	0
9.22	-2.408415	-1.121931	19.67478	0	0.3608749	0
9.24	-2.499408	-1.121733	19.6658	0	0.3536574	0
9.26	-2.585734	-1.12155	19.65673	0	0.3465843	0
9.28	-2.667547	-1.121382	19.64763	0	0.3396526	0
9.3	-2.744994	-1.121228	19.63854	0	0.3328595	0
9.32	-2.818218	-1.121087	19.62951	0	0.3262023	0
9.34	-2.887357	-1.120961	19.62057	0	0.3196783	0
9.36	-2.952548	-1.120847	19.61175	0	0.3132848	0
9.38	-3.013924	-1.120747	19.60309	0	0.3070191	0
9.4	-3.071613	-1.120659	19.59462	0	0.3008787	0
9.42	-3.12574	-1.120583	19.58636	0	0.2948611	0
9.44	-3.176425	-1.120518	19.57832	0	0.2889639	0
9.46	-3.223789	-1.120465	19.57054	0	0.2831846	0
9.48	-3.267946	-1.120422	19.56301	0	0.2775209	0
9.5	-3.309007	-1.120389	19.55578	0	0.2719705	0
9.52	-3.347082	-1.120365	19.54883	0	0.2665311	0
9.54	-3.382275	-1.12035	19.54219	0	0.2612005	0
9.559999	-3.414687	-1.120344	19.53586	0	0.2559765	0
9.58	-3.44442	-1.120345	19.52985	0	0.2508569	0
9.599999	-3.471569	-1.120353	19.52416	0	0.2458398	0
9.62	-3.496228	-1.120368	19.5188	0	0.240923	0
9.639999	-3.518488	-1.12039	19.51378	0	0.2361046	0
9.66	-3.538437	-1.120417	19.50909	0	0.2313825	0
9.679999	-3.556161	-1.120449	19.50474	0	0.2267548	0
9.7	-3.571741	-1.120485	19.50072	0	0.2222197	0
9.719999	-3.585259	-1.120526	19.49703	0	0.2177753	0
9.74	-3.596794	-1.120571	19.49367	0	0.2134198	0
9.76	-3.60642	-1.120619	19.49065	0	0.2091514	0
9.78	-3.614209	-1.120669	19.48795	0	0.2049684	0
9.8	-3.620235	-1.120722	19.48557	0	0.2008691	0
9.82	-3.624565	-1.120777	19.48351	0	0.1968517	0
9.84	-3.627267	-1.120833	19.48175	0	0.1929146	0
9.86	-3.627642	-1.12089	19.48045	0	0.1870963	0
9.88	-3.62502	-1.120949	19.47972	0	0.1794344	0
9.9	-3.618758	-1.121007	19.47971	0	0.1699657	0
9.92	-3.608243	-1.121066	19.48053	0	0.1587264	0
9.94	-3.59212	-1.121124	19.48245	0	0.1437919	0
9.96	-3.569858	-1.121181	19.48555	0	0.127196	0
9.98	-3.540946	-1.121236	19.48993	0	0.1089721	0
10	-3.504897	-1.121289	19.49569	0	0.08915266	0
10.02	-3.461235	-1.121338	19.50287	0	0.06776959	0
10.04	-3.408752	-1.121383	19.51166	0	0.0428942	0
10.06	-3.347041	-1.121424	19.52208	0	0.01655629	0
10.08	-3.275719	-1.121458	19.53413	0	-0.01121485	0
10.1	-3.194415	-1.121485	19.54778	0	-0.04039057	0
10.12	-3.102771	-1.121504	19.56299	0	-0.07094279	0
10.14	-3.013496	-1.121514	19.57768	0	-0.06952394	0
10.16	-2.926531	-1.121515	19.59186	0	-0.06813346	0
10.18	-2.841822	-1.121505	19.60556	0	-0.06677079	0
10.2	-2.759315	-1.121484	19.61879	0	-0.06543538	0
10.22	-2.678952	-1.121453	19.63158	0	-0.06412667	0
10.24	-2.600687	-1.121411	19.64394	0	-0.06284413	0
10.26	-2.524462	-1.12136	19.65589	0	-0.06158725	0
10.28	-2.450233	-1.121298	19.66743	0	-0.06035551	0
10.3	-2.377952	-1.121228	19.6786	0	-0.0591484	0
10.32	-2.30757	-1.121148	19.6894	0	-0.05796543	0
10.34	-2.239038	-1.12106	19.69984	0	-0.05680612	0
10.36	-2.172313	-1.120964	19.70995	0	-0.05567	0
10.38	-2.10735	-1.12086	19.71973	0	-0.0545566	0
10.4	-2.043337	-1.12075	19.72927	0	-0.05542547	0
10.42	-1.978707	-1.120633	19.73874	0	-0.06019697	0
10.44	-1.912739	-1.120511	19.74819	0	-0.06683303	0
10.46	-1.844732	-1.120383	19.75767	0	-0.07529638	0
10.48	-1.774018	-1.12025	19.76723	0	-0.08555046	0
10.5	-1.699953	-1.120112	19.77687	0	-0.09755946	0
10.52	-1.621142	-1.119969	19.78669	0	-0.1132483	0
10.54	-1.537023	-1.119822	19.79666	0	-0.1305833	0
10.56	-1.447055	-1.119672	19.80676	0	-0.1495317	0
10.58	-1.350719	-1.119517	19.81694	0	-0.1700611	0
10.6	-1.247524	-1.119358	19.82715	0	-0.1921398	0
10.62	-1.136213	-1.119196	19.83735	0	-0.2176971	0
10.64	-1.016368	-1.11903	19.84741	0	-0.2447032	0
10.66	-0.8875818	-1.118861	19.85719	0	-0.2731291	0
10.68	-0.749475	-1.118688	19.86654	0	-0.3029466	0
10.7	-0.6016822	-1.118513	19.87525	0	-0.3341277	0
10.72	-0.4430828	-1.118335	19.88313	0	-0.3686051	0
10.74	-0.2733808	-1.118154	19.88989	0	-0.4043531	0
10.76	-0.09230471	-1.117972	19.89524	0	-0.441346	0
10.78	0.1003976	-1.117789	19.89885	0	-0.4795591	0
10.8	0.3049536	-1.117605	19.90034	0	-0.518968	0
10.82	0.522356	-1.117422	19.89927	0	-0.5615087	0
10.84	0.7527528	-1.117241	19.89519	0	-0.6051585	0
10.86	0.9736624	-1.117063	19.88869	0	-0.5930554	0
10.88	1.185347	-1.116891	19.88003	0	-0.5811943	0
10.9	1.388066	-1.116724	19.86946	0	-0.5695704	0
10.92	1.582076	-1.116566	19.85721	0	-0.558179	0
10.94	1.76763	-1.116417	19.84348	0	-0.5470154	0
10.96	1.944975	-1.116279	19.82847	0	-0.5360751	0
10.98	2.114358	-1.116153	19.81235	0	-0.5253536	0
11	2.276019	-1.11604	19.7953	0	-0.5148466	0
11.02	2.430194	-1.115941	19.77747	0	-0.5045496	0
11.04	2.577113	-1.115857	19.759	0	-0.4944586	0
11.06	2.717004	-1.115789	19.74001	0	-0.4845695	0
11.08	2.850087	-1.115737	19.72064	0	-0.4748781	0
11.1	2.976581	-1.115701	19.701	0	-0.4653805	0
11.12	3.096697	-1.115682	19.68118	0	-0.456073	0
11.14	3.210642	-1.11568	19.66127	0	-0.4469515	0
11.16	3.318619	-1.115694	19.64137	0	-0.4380125	0
11.18	3.420823	-1.115725	19.62156	0	-0.4292522	0
11.2	3.517446	-1.115773	19.60189	0	-0.4206672	0
11.22	3.608676	-1.115836	19.58244	0	-0.4122539	0
11.24	3.694696	-1.115915	19.56325	0	-0.4040088	0
11.26	3.774917	-1.11601	19.54454	0	-0.3939686	0
11.28	3.848778	-1.116119	19.5265	0	-0.3821692	0
11.3	3.914984	-1.116242	19.50949	0	-0.3666859	0
11.32	3.973061	-1.116378	19.49372	0	-0.3495522	0
11.34	4.022563	-1.116527	19.47938	0	-0.3308011	0
11.36	4.063064	-1.116687	19.46667	0	-0.3104651	0
11.38	4.094159	-1.116858	19.45577	0	-0.2885758	0
11.4	4.114703	-1.117037	19.44701	0	-0.2632043	0
11.42	4.124362	-1.117224	19.44054	0	-0.2363802	0
11.44	4.13196	-1.117417	19.43455	0	-0.2316526	0
11.46	4.137579	-1.117614	19.42903	0	-0.2270196	0
11.48	4.141297	-1.117815	19.42398	0	-0.2224792	0
11.5	4.14319	-1.118017	19.41939	0	-0.2180296	0
11.52	4.143333	-1.118221	19.41524	0	-0.213669	0
11.54	4.141796	-1.118424	19.41154	0	-0.2093956	0
11.56	4.138649	-1.118628	19.40826	0	-0.2052077	0
11.58	4.13396	-1.11883	19.40541	0	-0.2011036	0
11.6	4.127792	-1.11903	19.40297	0	-0.1970815	0
11.62	4.120208	-1.119228	19.40092	0	-0.1931399	0
11.64	4.11127	-1.119423	19.39927	0	-0.1892771	0
11.66	4.101037	-1.119615	19.398	0	-0.1854916	0
11.68	4.089563	-1.119803	19.39709	0	-0.1817817	0
11.7	4.076146	-1.119987	19.39671	0	-0.1761861	0
11.72	4.060108	-1.120166	19.39698	0	-0.1687424	0
11.74	4.040802	-1.120341	19.39805	0	-0.1594875	0
11.76	4.017605	-1.120511	19.40004	0	-0.1484578	0
11.78	3.989162	-1.120676	19.40325	0	-0.1337286	0
11.8	3.954934	-1.120834	19.40775	0	-0.1173341	0
11.82	3.92049	-1.120986	19.41243	0	-0.1149874	0
11.84	3.885851	-1.12113	19.41728	0	-0.1126876	0
11.86	3.851042	-1.121268	19.42227	0	-0.1104339	0
11.88	3.816081	-1.121397	19.42741	0	-0.1082252	0
11.9	3.780988	-1.121519	19.43269	0	-0.1060607	0
11.92	3.745784	-1.121633	19.43808	0	-0.1039395	0
11.94	3.710487	-1.121738	19.4436	0	-0.1018607	0
11.96	3.675114	-1.121836	19.44922	0	-0.09982349	0
11.98	3.639683	-1.121925	19.45494	0	-0.09782702	0
12	3.604211	-1.122007	19.46076	0	-0.09587049	0
12.02	3.568712	-1.12208	19.46666	0	-0.09395308	0
12.04	3.533202	-1.122146	19.47264	0	-0.09207402	0
12.06	3.497696	-1.122204	19.47869	0	-0.09023254	0
12.08	3.462971	-1.122254	19.48467	0	-0.09038789	0
12.1	3.429775	-1.122297	19.49044	0	-0.09250014	0
12.12	3.398825	-1.122333	19.49589	0	-0.09653014	0
12.14	3.370809	-1.122361	19.50088	0	-0.1024395	0
12.16	3.346387	-1.122384	19.50531	0	-0.1101908	0
12.18	3.326957	-1.1224	19.50893	0	-0.1217069	0
12.2	3.313093	-1.12241	19.51165	0	-0.1349528	0
12.22	3.29846	-1.122415	19.51453	0	-0.1322538	0
12.24	3.283094	-1.122415	19.51757	0	-0.1296087	0
12.26	3.267033	-1.122411	19.52075	0	-0.1270165	0
12.28	3.250307	-1.122404	19.52407	0	-0.1244762	0
12.3	3.232953	-1.122393	19.52752	0	-0.1219867	0
12.32	3.215001	-1.122378	19.5311	0	-0.1195469	0
12.34	3.196482	-1.12236	19.53481	0	-0.117156	0
12.36	3.177427	-1.122339	19.53862	0	-0.1148129	0
12.38	3.157863	-1.122316	19.54255	0	-0.1125166	0
12.4	3.13782	-1.122289	19.54658	0	-0.1102663	0
12.42	3.117325	-1.122259	19.55071	0	-0.108061	0
12.44	3.096402	-1.122227	19.55494	0	-0.1058998	0
12.46	3.075078	-1.122192	19.55924	0	-0.1037818	0
12.48	3.053378	-1.122155	19.56364	0	-0.1017061	0
12.5	3.031325	-1.122115	19.56811	0	-0.099672	0
12.52	3.008941	-1.122072	19.57264	0	-0.09767856	0
12.54	2.986248	-1.122027	19.57725	0	-0.09572499	0
12.56	2.963269	-1.121979	19.58192	0	-0.09381049	0
12.58	2.940022	-1.121929	19.58664	0	-0.09193429	0
12.6	2.916528	-1.121876	19.59142	0	-0.0900956	0
12.62	2.892807	-1.121822	19.59624	0	-0.08829369	0
12.64	2.868876	-1.121764	19.6011	0	-0.08652782	0
12.66	2.844753	-1.121705	19.60601	0	-0.08479727	0
12.68	2.820455	-1.121643	19.61095	0	-0.08310132	0
12.7	2.796	-1.121578	19.61592	0	-0.0814393	0
12.72	2.771404	-1.121512	19.62092	0	-0.07981052	0
12.74	2.74668	-1.121444	19.62594	0	-0.0782143	0
12.76	2.721844	-1.121373	19.63098	0	-0.07665002	0
12.78	2.69691	-1.1213	19.63604	0	-0.07511701	0
12.8	2.671893	-1.121226	19.64111	0	-0.07361467	0
12.82	2.646804	-1.121149	19.64619	0	-0.07214238	0
12.84	2.621657	-1.12107	19.65128	0	-0.07069953	0
12.86	2.596465	-1.12099	19.65637	0	-0.06928554	0
12.88	2.571238	-1.120908	19.66146	0	-0.06789983	0
12.9	2.545989	-1.120824	19.66655	0	-0.06654184	0
12.92	2.520727	-1.120738	19.67163	0	-0.065211	0
12.94	2.495464	-1.120651	19.67671	0	-0.06390678	0
12.96	2.47021	-1.120562	19.68178	0	-0.06262865	0
12.98	2.444974	-1.120471	19.68683	0	-0.06137608	0
13	2.419765	-1.12038	19.69187	0	-0.06014856	0
13.02	2.394593	-1.120286	19.6969	0	-0.05894559	0
13.04	2.369464	-1.120192	19.7019	0	-0.05776668	0
13.06	2.343617	-1.120096	19.70698	0	-0.05465134	0
13.08	2.316315	-1.119999	19.71221	0	-0.04963831	0
13.1	2.286854	-1.119901	19.71767	0	-0.04276554	0
13.12	2.254557	-1.119802	19.72344	0	-0.03407023	0
13.14	2.218774	-1.119701	19.72958	0	-0.02358883	0
13.16	2.178108	-1.119599	19.73623	0	-0.009397041	0
13.18	2.131991	-1.119496	19.74342	0	0.006470914	0
13.2	2.079878	-1.119391	19.75119	0	0.02398151	0
13.22	2.021248	-1.119284	19.75955	0	0.04310187	0
13.24	1.964125	-1.119174	19.76766	0	0.04223984	0
13.26	1.90847	-1.119063	19.77552	0	0.04139504	0
13.28	1.85425	-1.118949	19.78314	0	0.04056714	0
13.3	1.80143	-1.118832	19.79053	0	0.0397558	0
13.32	1.749975	-1.118713	19.7977	0	0.03896068	0
13.34	1.699853	-1.118591	19.80466	0	0.03818147	0
13.36	1.651031	-1.118468	19.81141	0	0.03741784	0
13.38	1.603476	-1.118342	19.81797	0	0.03666949	0
13.4	1.557158	-1.118214	19.82433	0	0.0359361	0
13.42	1.512048	-1.118085	19.8305	0	0.03521738	0
13.44	1.468115	-1.117954	19.8365	0	0.03451303	0
13.46	1.42533	-1.117821	19.84232	0	0.03382277	0
13.48	1.383665	-1.117687	19.84797	0	0.03314632	0
13.5	1.343094	-1.117553	19.85347	0	0.03248339	0
13.52	1.303589	-1.117417	19.85881	0	0.03183372	0
13.54	1.265125	-1.117281	19.86399	0	0.03119705	0
13.56	1.227673	-1.117145	19.86904	0	0.03057311	0
13.58	1.191211	-1.117008	19.87394	0	0.02996165	0
13.6	1.155712	-1.116871	19.8787	0	0.02936242	0
13.62	1.121155	-1.116735	19.88333	0	0.02877517	0
13.64	1.087517	-1.116598	19.88783	0	0.02819967	0
13.66	1.054771	-1.116462	19.89221	0	0.02763567	0
13.68	1.022898	-1.116326	19.89647	0	0.02708296	0
13.7	0.9918768	-1.11619	19.90061	0	0.0265413	0
13.72	0.9616845	-1.116056	19.90464	0	0.02601048	0
13.74	0.9323015	-1.115922	19.90857	0	0.02549027	0
13.76	0.9037068	-1.115789	19.91238	0	0.02498046	0
13.78	0.8758819	-1.115657	19.9161	0	0.02448086	0
13.8	0.8488059	-1.115526	19.91971	0	0.02399124	0
13.82	0.8224618	-1.115396	19.92323	0	0.02351141	0
13.84	0.7968304	-1.115267	19.92666	0	0.02304118	0
13.86	0.7718928	-1.11514	19.93	0	0.02258036	0
13.88	0.7476337	-1.115013	19.93325	0	0.02212875	0
13.9	0.7240343	-1.114889	19.93642	0	0.02168618	0
13.92	0.7010775	-1.114765	19.9395	0	0.02125246	0
13.94	0.6787493	-1.114643	19.9425	0	0.02082741	0
13.96	0.6570325	-1.114523	19.94543	0	0.02041086	0
13.98	0.6359119	-1.114404	19.94829	0	0.02000264	0
14	0.6153719	-1.114286	19.95107	0	0.01960259	0
14.02	0.5953982	-1.11417	19.95378	0	0.01921054	0
14.04	0.5759764	-1.114056	19.95642	0	0.01882633	0
14.06	0.5570922	-1.113943	19.959	0	0.0184498	0
14.08	0.5387321	-1.113832	19.96151	0	0.01808081	0
14.1	0.5208826	-1.113723	19.96395	0	0.01771919	0
14.12	0.503531	-1.113615	19.96634	0	0.01736481	0
14.14	0.4866638	-1.113508	19.96867	0	0.01701751	0
14.16	0.4702694	-1.113404	19.97094	0	0.01667716	0
14.18	0.4543352	-1.113301	19.97315	0	0.01634362	0
14.2	0.4388497	-1.1132	19.97531	0	0.01601675	0
14.22	0.4238012	-1.1131	19.97742	0	0.01569641	0
14.24	0.4091787	-1.113002	19.97948	0	0.01538249	0
14.26	0.3949707	-1.112906	19.98149	0	0.01507484	0
14.28	0.3811669	-1.112811	19.98344	0	0.01477334	0
14.3	0.3677566	-1.112718	19.98536	0	0.01447787	0
14.32	0.3547294	-1.112626	19.98722	0	0.01418832	0
14.34	0.3420763	-1.112536	19.98904	0	0.01390455	0
14.36	0.329787	-1.112448	19.99082	0	0.01362646	0
14.38	0.3178515	-1.112361	19.99256	0	0.01335393	0
14.4	0.3062613	-1.112276	19.99425	0	0.01308685	0
14.42	0.295007	-1.112192	19.9959	0	0.01282511	0
14.44	0.2840796	-1.11211	19.99752	0	0.01256861	0
14.46	0.2734716	-1.112029	19.9991	0	0.01231724	0
14.48	0.2631733	-1.11195	20.00064	0	0.0120709	0
14.5	0.2531774	-1.111872	20.00215	0	0.01182948	0
14.52	0.2434759	-1.111795	20.00362	0	0.01159289	0
14.54	0.2340617	-1.11172	20.00505	0	0.01136103	0
14.56	0.2249255	-1.111647	20.00646	0	0.01113381	0
14.58	0.2160606	-1.111575	20.00783	0	0.01091114	0
14.6	0.2074606	-1.111504	20.00917	0	0.01069291	0
14.62	0.1991172	-1.111435	20.01048	0	0.01047905	0
14.64	0.1910245	-1.111367	20.01176	0	0.01026947	0
14.66	0.183176	-1.1113	20.01301	0	0.01006408	0
14.68	0.1755645	-1.111234	20.01423	0	0.009862803	0
14.7	0.168184	-1.11117	20.01542	0	0.009665547	0
14.72	0.1610281	-1.111107	20.01659	0	0.009472236	0
14.74	0.1540914	-1.111046	20.01773	0	0.009282791	0
14.76	0.1473675	-1.110985	20.01885	0	0.009097136	0
14.78	0.1408505	-1.110926	20.01994	0	0.008915193	0
14.8	0.1345346	-1.110868	20.021	0	0.00873689	0
14.82	0.1284149	-1.110811	20