0	0	0	0
0.02	0	0	0
0.04	0	0	0
0.06	0	0	0
0.08	0	0	0
0.09999999	0	0	0
0.12	0	0	0
0.14	0	0	0
0.16	0	0	0
0.18	0	0	0
0.2	0	0	0
0.22	0	0	0
0.24	0	0	0
0.26	0	0	0
0.28	0	0	0
0.3	0	0	0
0.32	0	0	0
0.34	0	0	0
0.36	0	0	0
0.38	0	0	0
0.4	0	0	0
0.42	0	0	0
0.44	0	0	0
0.46	0	0	0
0.48	0	0	0
0.5	0	0	0
0.52	0	0	0
0.54	0	0	0
0.56	0	0	0
0.58	0	0	0
0.6	0	0	0
0.62	0	0	0
0.64	0	0	0
0.66	0	0	0
0.68	0	0	0
0.7	0	0	0
0.72	0	0	0
0.74	0	0	0
0.76	0	0	0
0.78	0	0	0
0.8	0	0	0
0.82	0	0	0
0.84	0	0	0
0.86	0	0	0
0.88	0	0	0
0.9	0	0	0
0.92	0	0	0
0.94	0	0	0
0.96	0	0	0
0.98	0	0	0
1	0	0	0
1.02	0	0	0
1.04	0	0	0
1.06	0	0	0
1.08	0	0	0
1.1	0	0	0
1.12	0	0	0
1.14	0	0	0
1.16	0	0	0
1.18	0	0	0
1.2	0	0	0
1.22	0	0	0
1.24	0	0	0
1.26	0	0	0
1.28	0	0	0
1.3	0	0	0
1.32	0	0	0
1.34	0	0	0
1.36	0	0	0
1.38	0	0	0
1.4	0	0	0
1.42	0	0	0
1.44	0	0	0
1.46	0	0	0
1.48	0	0	0
1.5	0	0	0
1.52	0	0	0
1.54	0	0	0
1.56	0	0	0
1.58	0	0	0
1.6	0	0	0
1.62	0	0	0
1.64	0	0	0
1.66	0	0	0
1.68	0	0	0
1.7	0	0	0
1.72	0	0	0
1.74	0	0	0
1.76	0	0	0
1.78	0	0	0
1.8	0	0	0
1.82	0	0	0
1.84	0	0	0
1.86	0	0	0
1.88	0	0	0
1.9	0	0	0
1.92	0	0	0
1.94	0	0	0
1.96	0	0	0
1.98	0	0	0
2	0	0	0
2.02	0	0	0
2.04	0	0	0
2.06	0	0	0
2.08	0	0	0
2.1	0	0	0
2.12	0	0	0
2.14	0	0	0
2.16	0	0	0
2.18	0	0	0
2.2	0	0	0
2.22	0	0	0
2.24	0	0	0
2.26	0	0	0
2.28	0	0	0
2.3	0	0	0
2.32	0	0	0
2.34	0	0	0
2.36	0	0	0
2.38	0	0	0
2.4	0	0	0
2.42	0	0	0
2.44	0	0	0
2.46	0	0	0
2.48	0	0	0
2.5	0	0	0
2.52	0	0	0
2.54	0	0	0
2.56	0	0	0
2.58	0	0	0
2.6	0	0	0
2.62	0	0	0
2.64	0	0	0
2.66	0	0	0
2.68	0	0	0
2.7	0	0	0
2.72	0	0	0
2.74	0	0	0
2.76	0	0	0
2.78	0	0	0
2.8	0	0	0
2.82	0	0	0
2.84	0	0	0
2.86	0	0	0
2.88	0	0	0
2.9	0	0	0
2.92	0	0	0
2.94	0	0	0
2.96	0	0	0
2.98	0	0	0
3	0	0	0
3.02	0	0	0
3.04	0	0	0
3.06	0	0	0
3.08	0	0	0
3.1	0	0	0
3.12	0	0	0
3.14	0	0	0
3.16	0	0	0
3.18	0	0	0
3.2	0	0	0
3.22	0	0	0
3.24	0	0	0
3.26	0	0	0
3.28	0	0	0
3.3	0	0	0
3.32	0	0	0
3.34	0	0	0
3.36	0	0	0
3.38	0	0	0
3.4	0	0	0
3.42	0	0	0
3.44	0	0	0
3.46	0	0	0
3.48	0	0	0
3.5	0	0	0
3.52	0	0	0
3.54	0	0	0
3.56	0	0	0
3.58	0	0	0
3.6	0	0	0
3.62	0	0	0
3.64	0	0	0
3.66	0	0	0
3.68	0	0	0
3.7	0	0	0
3.72	0	0	0
3.74	0	0	0
3.76	0	0	0
3.78	0	0	0
3.8	0	0	0
3.82	0	0	0
3.84	0	0	0
3.86	0	0	0
3.88	0	0	0
3.9	0	0	0
3.92	0	0	0
3.94	0	0	0
3.96	0	0	0
3.98	0	0	0
4	0	0	0
4.02	0	0	0
4.04	0	0	0
4.06	0	0	0
4.08	0	0	0
4.1	0	0	0
4.12	0	0	0
4.14	0	0	0
4.16	0	0	0
4.18	0	0	0
4.2	0	0	0
4.22	0	0	0
4.24	0	0	0
4.26	0	0	0
4.28	0	0	0
4.3	0	0	0
4.32	0	0	0
4.34	0	0	0
4.36	0	0	0
4.38	0	0	0
4.4	0	0	0
4.42	0	0	0
4.44	0	0	0
4.46	0	0	0
4.48	0	0	0
4.5	0	0	0
4.52	0	0	0
4.54	0	0	0
4.56	0	0	0
4.58	0	0	0
4.6	0	0	0
4.62	0	0	0
4.64	0	0	0
4.66	0	0	0
4.68	0	0	0
4.7	0	0	0
4.72	0	0	0
4.74	0	0	0
4.76	0	0	0
4.78	0	0	0
4.8	0	0	0
4.82	0	0	0
4.84	0	0	0
4.86	0	0	0
4.88	0	0	0
4.9	0	0	0
4.92	0	0	0
4.94	0	0	0
4.96	0	0	0
4.98	0	0	0
5	0	0	0
5.02	0	0	0
5.04	0	0	0
5.06	0	0	0
5.08	0	0	0
5.1	0	0	0
5.12	0	0	0
5.14	0	0	0
5.16	0	0	0
5.18	0	0	0
5.2	0	0	0
5.22	0	0	0
5.24	0	0	0
5.26	0	0	0
5.28	0	0	0
5.3	0	0	0
5.32	0	0	0
5.34	0	0	0
5.36	0	0	0
5.38	0	0	0
5.4	0	0	0
5.42	0	0	0
5.44	0	0	0
5.46	0	0	0
5.48	0	0	0
5.5	0	0	0
5.52	0	0	0
5.54	0	0	0
5.56	0	0	0
5.58	0	0	0
5.6	0	0	0
5.62	0	0	0
5.64	0	0	0
5.66	0	0	0
5.68	0	0	0
5.7	0	0	0
5.72	0	0	0
5.74	0	0	0
5.76	0	0	0
5.78	0	0	0
5.8	0	0	0
5.82	0	0	0
5.84	0	0	0
5.86	0	0	0
5.88	0	0	0
5.9	0	0	0
5.92	0	0	0
5.94	0	0	0
5.96	0	0	0
5.98	0	0	0
6	0	0	0
6.02	0	0	0
6.04	0	0	0
6.06	0	0	0
6.08	0	0	0
6.1	0	0	0
6.12	0	0	0
6.14	0	0	0
6.16	0	0	0
6.18	0	0	0
6.2	0	0	0
6.22	0	0	0
6.24	0	0	0
6.26	0	0	0
6.28	0	0	0
6.3	0	0	0
6.32	0	0	0
6.34	0	0	0
6.36	0	0	0
6.38	0	0	0
6.4	0	0	0
6.42	0	0	0
6.44	0	0	0
6.46	0	0	0
6.48	0	0	0
6.5	0	0	0
6.52	0	0	0
6.54	0	0	0
6.56	0	0	0
6.58	0	0	0
6.6	0	0	0
6.62	0	0	0
6.64	0	0	0
6.66	0	0	0
6.68	0	0	0
6.7	0	0	0
6.72	0	0	0
6.74	0	0	0
6.76	0	0	0
6.78	0	0	0
6.8	0	0	0
6.82	0	0	0
6.84	0	0	0
6.86	0	0	0
6.88	0	0	0
6.9	0	0	0
6.92	0	0	0
6.94	0	0	0
6.96	0	0	0
6.98	0	0	0
7	0	0	0
7.02	0	0	0
7.04	0	0	0
7.06	0	0	0
7.08	0	0	0
7.1	0	0	0
7.12	0	0	0
7.14	0	0	0
7.16	0	0	0
7.18	0	0	0
7.2	0	0	0
7.22	0	0	0
7.24	0	0	0
7.26	0	0	0
7.28	0	0	0
7.3	0	0	0
7.32	0	0	0
7.34	0	0	0
7.36	0	0	0
7.38	0	0	0
7.4	0	0	0
7.42	0	0	0
7.44	0	0	0
7.46	0	0	0
7.48	0	0	0
7.5	0	0	0
7.52	0	0	0
7.54	0	0	0
7.56	0	0	0
7.58	0	0	0
7.6	0	0	0
7.62	0	0	0
7.64	0	0	0
7.66	0	0	0
7.68	0	0	0
7.7	0	0	0
7.72	0	0	0
7.74	0	0	0
7.76	0	0	0
7.78	0	0	0
7.8	0	0	0
7.82	0	0	0
7.84	0	0	0
7.86	0	0	0
7.88	0	0	0
7.9	0	0	0
7.92	0	0	0
7.94	0	0	0
7.96	0	0	0
7.98	0	0	0
8	0	0	0
8.02	0	0	0
8.04	0	0	0
8.059999	0	0	0
8.08	0	0	0
8.099999	0	0	0
8.12	0	0	0
8.139999	0	0	0
8.16	0	0	0
8.179999	0	0	0
8.2	0	0	0
8.22	0	0	0
8.24	0	0	0
8.26	0	0	0
8.28	0	0	0
8.3	0	0	0
8.32	0	0	0
8.34	0	0	0
8.36	0	0	0
8.38	0	0	0
8.4	0	0	0
8.42	0	0	0
8.44	0	0	0
8.46	0	0	0
8.48	0	0	0
8.5	0	0	0
8.52	0	0	0
8.54	0	0	0
8.559999	0	0	0
8.58	0	0	0
8.599999	0	0	0
8.62	0	0	0
8.639999	0	0	0
8.66	0	0	0
8.679999	0	0	0
8.7	0	0	0
8.72	0	0	0
8.74	0	0	0
8.76	0	0	0
8.78	0	0	0
8.8	0	0	0
8.82	0	0	0
8.84	0	0	0
8.86	0	0	0
8.88	0	0	0
8.9	0	0	0
8.92	0	0	0
8.94	0	0	0
8.96	0	0	0
8.98	0	0	0
9	0	0	0
9.02	0	0	0
9.04	0	0	0
9.059999	0	0	0
9.08	0	0	0
9.099999	0	0	0
9.12	0	0	0
9.139999	0	0	0
9.16	0	0	0
9.179999	0	0	0
9.2	0	0	0
9.22	0	0	0
9.24	0	0	0
9.26	0	0	0
9.28	0	0	0
9.3	0	0	0
9.32	0	0	0
9.34	0	0	0
9.36	0	0	0
9.38	0	0	0
9.4	0	0	0
9.42	0	0	0
9.44	0	0	0
9.46	0	0	0
9.48	0	0	0
9.5	0	0	0
9.52	0	0	0
9.54	0	0	0
9.559999	0	0	0
9.58	0	0	0
9.599999	0	0	0
9.62	0	0	0
9.639999	0	0	0
9.66	0	0	0
9.679999	0	0	0
9.7	0	0	0
9.719999	0	0	0
9.74	0	0	0
9.76	0	0	0
9.78	0	0	0
9.8	0	0	0
9.82	0	0	0
9.84	0	0	0
9.86	0	0	0
9.88	0	0	0
9.9	0	0	0
9.92	0	0	0
9.94	0	0	0
9.96	0	0	0
9.98	0	0	0
10	0	0	0
10.02	0	0	0
10.04	0	0	0
10.06	0	0	0
10.08	0	0	0
10.1	0	0	0
10.12	0	0	0
10.14	0	0	0
10.16	0	0	0
10.18	0	0	0
10.2	0	0	0
10.22	0	0	0
10.24	0	0	0
10.26	0	0	0
10.28	0	0	0
10.3	0	0	0
10.32	0	0	0
10.34	0	0	0
10.36	0	0	0
10.38	0	0	0
10.4	0	0	0
10.42	0	0	0
10.44	0	0	0
10.46	0	0	0
10.48	0	0	0
10.5	0	0	0
10.52	0	0	0
10.54	0	0	0
10.56	0	0	0
10.58	0	0	0
10.6	0	0	0
10.62	0	0	0
10.64	0	0	0
10.66	0	0	0
10.68	0	0	0
10.7	0	0	0
10.72	0	0	0
10.74	0	0	0
10.76	0	0	0
10.78	0	0	0
10.8	0	0	0
10.82	0	0	0
10.84	0	0	0
10.86	0	0	0
10.88	0	0	0
10.9	0	0	0
10.92	0	0	0
10.94	0	0	0
10.96	0	0	0
10.98	0	0	0
11	0	0	0
11.02	0	0	0
11.04	0	0	0
11.06	0	0	0
11.08	0	0	0
11.1	0	0	0
11.12	0	0	0
11.14	0	0	0
11.16	0	0	0
11.18	0	0	0
11.2	0	0	0
11.22	0	0	0
11.24	0	0	0
11.26	0	0	0
11.28	0	0	0
11.3	0	0	0
11.32	0	0	0
11.34	0	0	0
11.36	0	0	0
11.38	0	0	0
11.4	0	0	0
11.42	0	0	0
11.44	0	0	0
11.46	0	0	0
11.48	0	0	0
11.5	0	0	0
11.52	0	0	0
11.54	0	0	0
11.56	0	0	0
11.58	0	0	0
11.6	0	0	0
11.62	0	0	0
11.64	0	0	0
11.66	0	0	0
11.68	0	0	0
11.7	0	0	0
11.72	0	0	0
11.74	0	0	0
11.76	0	0	0
11.78	0	0	0
11.8	0	0	0
11.82	0	0	0
11.84	0	0	0
11.86	0	0	0
11.88	0	0	0
11.9	0	0	0
11.92	0	0	0
11.94	0	0	0
11.96	0	0	0
11.98	0	0	0
12	0	0	0
12.02	0	0	0
12.04	0	0	0
12.06	0	0	0
12.08	0	0	0
12.1	0	0	0
12.12	0	0	0
12.14	0	0	0
12.16	0	0	0
12.18	0	0	0
12.2	0	0	0
12.22	0	0	0
12.24	0	0	0
12.26	0	0	0
12.28	0	0	0
12.3	0	0	0
12.32	0	0	0
12.34	0	0	0
12.36	0	0	0
12.38	0	0	0
12.4	0	0	0
12.42	0	0	0
12.44	0	0	0
12.46	0	0	0
12.48	0	0	0
12.5	0	0	0
12.52	0	0	0
12.54	0	0	0
12.56	0	0	0
12.58	0	0	0
12.6	0	0	0
12.62	0	0	0
12.64	0	0	0
12.66	0	0	0
12.68	0	0	0
12.7	0	0	0
12.72	0	0	0
12.74	0	0	0
12.76	-0.001833465	0	0
12.78	-0.005133702	0	0
12.8	359.9886	0	0
12.82	359.9799	0	0
12.84	359.9674	0	0
12.86	359.9519	0	0
12.88	359.9322	0	0
12.9	359.9091	0	0
12.92	359.8814	0	0
12.94	359.8501	0	0
12.96	359.8141	0	0
12.98	359.7743	0	0
13	359.7296	0	0
13.02	359.681	0	0
13.04	359.6274	0	0
13.06	359.5699	0	0
13.08	359.5074	0	0
13.1	359.4409	0	0
13.12	359.3694	0	0
13.14	359.2939	0	0
13.16	359.2132	0	0
13.18	359.1286	0	0
13.2	359.0388	0	0
13.22	358.945	0	0
13.24	358.8462	0	0
13.26	358.7433	0	0
13.28	358.6353	0	0
13.3	358.5232	0	0
13.32	358.406	0	0
13.34	358.2848	0	0
13.36	358.1584	0	0
13.38	358.028	0	0
13.4	357.8944	0	0
13.42	357.7563	0	0
13.44	357.6147	0	0
13.46	357.4684	0	0
13.48	357.3183	0	0
13.5	357.1634	0	0
13.52	357.0047	0	0
13.54	356.841	0	0
13.56	356.6734	0	0
13.58	356.5394	0	0
13.6	356.4321	0	0
13.62	356.3463	0	0
13.64	356.2776	0	0
13.66	356.2227	0	0
13.68	356.1788	0	0
13.7	356.1436	0	0
13.72	356.1155	0	0
13.74	356.093	0	0
13.76	356.075	0	0
13.78	356.0606	0	0
13.8	356.0491	0	0
13.82	356.0399	0	0
13.84	356.0325	0	0
13.86	356.0266	0	0
13.88	356.0219	0	0
13.9	356.0181	0	0
13.92	356.0151	0	0
13.94	356.0127	0	0
13.96	356.0108	0	0
13.98	356.0092	0	0
14	356.008	0	0
14.02	356.007	0.001837927	-0.0001279674
14.04	356.0062	0.0051462	-0.0003583604
14.06	356.0056	0.01146868	-0.0007987457
14.08	356.0051	0.02020254	-0.001407179
14.1	356.0047	0.03270343	-0.002278138
14.12	356.0043	0.04821795	-0.003359159
14.14	356.0041	0.06798131	-0.004736333
14.16	356.0039	0.09114375	359.9937
14.18	356.0037	0.1188634	359.9917
14.2	356.0036	0.1502287	359.9895
14.22	356.0035	0.1863486	359.987
14.24	356.0034	0.2262722	359.9842
14.26	356.0034	0.2710766	359.9811
14.28	356.0033	0.3216236	359.9776
14.3	356.0033	0.3767647	359.9738
14.32	356.0033	0.4355811	359.9696
14.34	356.0033	0.4991756	359.9652
14.36	356.0033	0.5665925	359.9605
14.38	356.0034	0.6389055	359.9555
14.4	356.0034	0.7169731	359.95
14.42	356.0035	0.7996445	359.9443
14.44	356.0036	0.8878368	359.9381
14.46	356.0037	0.9804458	359.9317
14.48	356.0038	1.078426	359.9248
14.5	356.0039	1.180704	359.9177
14.52	356.0041	1.286418	359.9103
14.54	356.0042	1.396721	359.9026
14.56	356.0044	1.510695	359.8947
14.58	356.0047	1.629443	359.8864
14.6	356.0049	1.75201	359.8779
14.62	356.0052	1.87947	359.869
14.64	356.0055	2.010845	359.8599
14.66	356.0059	2.14719	359.8504
14.68	356.0062	2.28751	359.8406
14.7	356.0066	2.43101	359.8306
14.72	356.0071	2.578894	359.8203
14.74	356.0076	2.730282	359.8098
14.76	356.0081	2.886313	359.7989
14.78	356.0087	3.046059	359.7878
14.8	356.0093	3.210613	359.7763
14.82	356.01	3.379014	359.7646
14.84	356.0107	3.55233	359.7526
14.86	356.0115	3.729579	359.7402
14.88	356.0123	3.911812	359.7275
14.9	356.0132	4.098032	359.7146
14.92	356.0142	4.289278	359.7013
14.94	356.0152	4.484547	359.6877
14.96	356.0164	4.683032	359.674
14.98	356.0175	4.885929	359.6599
15	356.0188	5.092355	359.6455
15.02	356.0201	5.303442	359.6309
15.04	356.0215	5.518257	359.616
15.06	356.023	5.737893	359.6007
15.08	356.0246	5.961384	359.5852
15.1	356.0263	6.1898	359.5694
15.12	356.028	6.422152	359.5533
15.14	356.0299	6.659491	359.5369
15.16	356.0319	6.900821	359.5201
15.18	356.034	7.147181	359.5031
15.2	356.0362	7.397563	359.4858
15.22	356.0385	7.651164	359.4683
15.24	356.041	7.909175	359.4504
15.26	356.0435	8.170716	359.4324
15.28	356.0462	8.436918	359.414
15.3	356.049	8.706849	359.3954
15.32	356.0519	8.981598	359.3765
15.34	356.055	9.260202	359.3573
15.36	356.0582	9.543729	359.3378
15.38	356.0616	9.831192	359.3181
15.4	356.0651	10.12364	359.298
15.42	356.0688	10.42008	359.2777
15.44	356.0726	10.72154	359.257
15.46	356.0766	11.02703	359.2361
15.48	356.0808	11.33757	359.2149
15.5	356.0851	11.65215	359.1934
15.52	356.0897	11.96997	359.1717
15.54	356.0944	12.29221	359.1497
15.56	356.0993	12.61798	359.1275
15.58	356.1044	12.94843	359.1051
15.6	356.1096	13.2826	359.0824
15.62	356.1151	13.6216	359.0594
15.64	356.1208	13.96445	359.0362
15.66	356.1267	14.31223	359.0127
15.68	356.1328	14.66394	358.989
15.7	356.1392	15.02064	358.9649
15.72	356.1458	15.38132	358.9406
15.74	356.1526	15.74519	358.9162
15.76	356.1596	16.11345	358.8915
15.78	356.1668	16.48521	358.8666
15.8	356.1743	16.86162	358.8415
15.82	356.1822	17.24357	358.816
15.84	356.1902	17.62997	358.7903
15.86	356.1985	18.02174	358.7643
15.88	356.2072	18.41783	358.7381
15.9	356.216	18.81735	358.7117
15.92	356.2252	19.22147	358.6851
15.94	356.2346	19.62925	358.6583
15.96	356.2444	20.04181	358.6312
15.98	356.2544	20.45818	358.604
16	356.2647	20.87944	358.5765
16.02	356.2754	21.3046	358.5488
16.04	356.2864	21.73472	358.5209
16.06	356.2977	22.16881	358.4929
16.08	356.3092	22.60606	358.4647
16.1	356.3212	23.04769	358.4363
16.12	356.3334	23.4928	358.4078
16.14	356.346	23.94254	358.3791
16.16	356.3589	24.39599	358.3502
16.18	356.3722	24.85423	358.3212
16.2	356.3858	25.31629	358.292
16.22	356.3998	25.78326	358.2626
16.24	356.4142	26.25414	358.2331
16.26	356.429	26.72815	358.2035
16.28	356.444	27.20649	358.1738
16.3	356.4595	27.6883	358.144
16.32	356.4754	28.17471	358.114
16.34	356.4916	28.6648	358.0839
16.36	356.5082	29.15967	358.0537
16.38	356.5253	29.65835	358.0234
16.4	356.5428	30.16192	357.993
16.42	356.5607	30.66939	357.9624
16.44	356.579	31.18182	357.9318
16.46	356.5977	31.6982	357.9011
16.48	356.6169	32.21774	357.8703
16.5	356.6365	32.74165	357.8395
16.52	356.6565	33.26904	357.8086
16.54	356.677	33.80104	357.7777
16.56	356.6978	34.33674	357.7467
16.58	356.7192	34.87721	357.7157
16.6	356.7411	35.42151	357.6847
16.62	356.7634	35.97069	357.6536
16.64	356.7862	36.52377	357.6224
16.66	356.8094	37.08181	357.5913
16.68	356.8332	37.6438	357.5601
16.7	356.8575	38.21078	357.5289
16.72	356.8822	38.78175	357.4977
16.74	356.9074	39.3559	357.4666
16.76	356.9332	39.93443	357.4355
16.78	356.9594	40.51646	357.4045
16.8	356.9861	41.10312	357.3735
16.82	357.0133	41.69346	357.3427
16.84	357.041	42.28859	357.3118
16.86	357.0693	42.88753	357.281
16.88	357.0981	43.49136	357.2503
16.9	357.1274	44.09908	357.2197
16.92	357.1573	44.71175	357.1891
16.94	357.1877	45.32837	357.1587
16.96	357.2186	45.94997	357.1284
16.98	357.2502	46.57556	357.0982
17	357.2822	47.20616	357.0681
17.02	357.3149	47.84076	357.0382
17.04	357.348	48.47856	357.0085
17.06	357.3817	49.12074	356.979
17.08	357.4159	49.7664	356.9497
17.1	357.4507	50.4167	356.9206
17.12	357.486	51.07069	356.8917
17.14	357.5219	51.72945	356.863
17.16	357.5583	52.39203	356.8346
17.18	357.5954	53.05949	356.8063
17.2	357.633	53.73084	356.7784
17.22	357.6712	54.40713	356.7507
17.24	357.7099	55.08736	356.7233
17.26	357.7493	55.77257	356.6961
17.28	357.7892	56.46176	356.6693
17.3	357.8296	57.15411	356.6428
17.32	357.8706	57.85083	356.6167
17.34	357.9122	58.55104	356.5909
17.36	357.9543	59.25585	356.5655
17.38	357.9969	59.96434	356.5405
17.4	358.0402	60.6776	356.5158
17.42	358.084	61.39466	356.4916
17.44	358.1284	62.1166	356.4677
17.46	358.1733	62.84243	356.4443
17.48	358.2188	63.57317	356.4213
17.5	358.2649	64.30788	356.3987
17.52	358.3116	65.04754	356.3766
17.54	358.3588	65.79118	356.355
17.56	358.4066	66.53982	356.3339
17.58	358.4549	67.29246	356.3133
17.6	358.5038	68.04829	356.2932
17.62	358.5531	68.80849	356.2737
17.64	358.603	69.57218	356.2548
17.66	358.6534	70.34051	356.2364
17.68	358.7043	71.11251	356.2186
17.7	358.7557	71.88929	356.2014
17.72	358.8076	72.66988	356.1848
17.74	358.8601	73.45536	356.1688
17.76	358.9131	74.24472	356.1534
17.78	358.9666	75.03904	356.1387
17.8	359.0205	75.8373	356.1247
17.82	359.0749	76.6387	356.1114
17.84	359.1298	77.44447	356.0988
17.86	359.185	78.25372	356.0869
17.88	359.2408	79.06756	356.0757
17.9	359.2969	79.88508	356.0653
17.92	359.3535	80.70738	356.0556
17.94	359.4106	81.53349	356.0467
17.96	359.4679	82.36265	356.0385
17.98	359.5257	83.19608	356.0313
18	359.5838	84.03292	356.0247
18.02	359.6423	84.87431	356.019
18.04	359.7012	85.71935	356.0142
18.06	359.7603	86.5673	356.0102
18.08	359.8197	87.41942	356.0071
18.1	359.8795	88.27487	356.0049
18.12	359.9395	89.13481	356.0035
18.14	-0.0001237972	89.99834	356.0031
18.16	0.06054068	90.86658	356.0035
18.18	0.1214545	91.73859	356.0049
18.2	0.1826782	92.61546	356.0072
18.22	0.2441292	93.49619	356.0105
18.24	0.3058652	94.38185	356.0147
18.26	0.3678031	95.27148	356.02
18.28	0.4298713	96.16427	356.0262
18.3	0.492137	97.06142	356.0334
18.32	0.5545228	97.96207	356.0416
18.34	0.6170903	98.86736	356.0509
18.36	0.6797581	99.77636	356.0612
18.38	0.7424573	100.6883	356.0725
18.4	0.8052552	101.6045	356.0849
18.42	0.8680763	102.5241	356.0983
18.44	0.9309801	103.4482	356.1128
18.46	0.9938861	104.376	356.1284
18.48	1.05685	105.3085	356.1451
18.5	1.119786	106.2448	356.1629
18.52	1.182747	107.1861	356.1818
18.54	1.245647	108.1312	356.2018
18.56	1.308412	109.0795	356.2229
18.58	1.371103	110.0322	356.2452
18.6	1.43364	110.9883	356.2686
18.62	1.495956	111.9473	356.2931
18.64	1.558113	112.9103	356.3188
18.66	1.620036	113.8767	356.3456
18.68	1.681779	114.8475	356.3736
18.7	1.74326	115.8219	356.4027
18.72	1.804415	116.7992	356.4329
18.74	1.865297	117.7807	356.4644
18.76	1.925832	118.7655	356.4969
18.78	1.986069	119.7548	356.5307
18.8	2.045928	120.7478	356.5656
18.82	2.105341	121.7437	356.6017
18.84	2.16436	122.7437	356.6389
18.86	2.222912	123.7472	356.6774
18.88	2.280933	124.7533	356.7169
18.9	2.338474	125.7635	356.7576
18.92	2.395465	126.7769	356.7995
18.94	2.451948	127.7947	356.8425
18.96	2.507847	128.8161	356.8867
18.98	2.563196	129.8422	356.9321
19	2.61792	130.8721	356.9787
19.02	2.671953	131.905	357.0263
19.04	2.725332	132.9422	357.0752
19.06	2.777989	133.9829	357.1251
19.08	2.829863	135.0264	357.1762
19.1	2.880991	136.0739	357.2284
19.12	2.931311	137.1247	357.2816
19.14	2.98085	138.18	357.3361
19.16	3.029538	139.2389	357.3916
19.18	3.077318	140.3007	357.4481
19.2	3.124221	141.3666	357.5058
19.22	3.170184	142.4359	357.5645
19.24	3.215229	143.5098	357.6243
19.26	3.259289	144.5873	357.6852
19.28	3.302312	145.6678	357.747
19.3	3.344319	146.7524	357.8099
19.32	3.385253	147.8405	357.8737
19.34	3.425063	148.9312	357.9385
19.36	3.463772	150.026	358.0043
19.38	3.501326	151.1241	358.071
19.4	3.537738	152.2265	358.1387
19.42	3.572953	153.3326	358.2073
19.44	3.600168	154.2175	358.2626
19.46	3.621325	154.9254	358.3072
19.48	3.637853	155.4918	358.3431
19.5	3.65082	155.945	358.3719
19.52	3.66103	156.3075	358.395
19.54	3.669093	156.5975	358.4135
19.56	3.675475	156.8295	358.4284
19.58	3.680538	157.0151	358.4403
19.6	3.684561	157.1636	358.4498
19.62	3.687761	157.2824	358.4575
19.64	3.69031	157.3775	358.4636
19.66	3.692342	157.4535	358.4685
19.68	3.693963	157.5143	358.4724
19.7	3.695257	157.563	358.4755
19.72	3.696289	157.6019	358.4781
19.74	3.697114	157.633	358.48
19.76	3.697773	157.6579	358.4817
19.78	3.698301	157.6779	358.4829
19.8	3.698722	157.6938	358.484
19.82	3.699059	157.7066	358.4848
19.84	3.699328	157.7168	358.4854
19.86	3.699543	157.7249	358.486
19.88	3.699715	157.7315	358.4864
19.9	3.699853	157.7367	358.4868
19.92	3.699964	157.7409	358.487
19.94	3.700052	157.7442	358.4872
19.96	3.700122	157.7469	358.4874
19.98	3.700179	157.749	358.4875
20	3.700224	157.7507	358.4876
20.02	3.70026	157.7521	358.4877
20.04	3.700289	157.7532	358.4878
20.06	3.700312	157.7541	358.4879
20.08	3.700331	157.7548	358.4879
20.1	3.700346	157.7554	358.4879
20.12	3.700357	157.7558	358.488
20.14	3.700366	157.7562	358.488
20.16	3.700375	157.7565	358.488
20.18	3.700381	157.7567	358.488
20.2	3.700386	157.7569	358.488
20.22	3.700389	157.757	358.488
20.24	3.700393	157.7571	358.4881
20.26	3.700443	157.759	358.4882
20.28	3.700532	157.7624	358.4884
20.3	3.7007	157.7688	358.4888
20.32	3.700931	157.7776	358.4894
20.34	3.701261	157.7901	358.4902
20.36	3.70167	157.8057	358.4912
20.38	3.702141	157.8236	358.4923
20.4	3.702711	157.8453	358.4937
20.42	3.703359	157.87	358.4954
20.44	3.704117	157.899	358.4972
20.46	3.704962	157.9313	358.4993
20.48	3.705926	157.9682	358.5017
20.5	3.706983	158.0087	358.5043
20.52	3.708161	158.054	358.5072
20.54	3.709436	158.1031	358.5104
20.56	3.710788	158.1552	358.5138
20.58	3.712246	158.2116	358.5174
20.6	3.713788	158.2714	358.5213
20.62	3.715445	158.3358	358.5255
20.64	3.71719	158.4038	358.5299
20.66	3.719051	158.4766	358.5346
20.68	3.721004	158.5532	358.5396
20.7	3.723026	158.6329	358.5447
20.72	3.72515	158.7168	358.5502
20.74	3.727351	158.8041	358.5559
20.76	3.729612	158.8942	358.5617
20.78	3.731965	158.9883	358.5679
20.8	3.734388	159.0856	358.5742
20.82	3.736864	159.1855	358.5807
20.84	3.739424	159.2894	358.5875
20.86	3.742048	159.3963	358.5945
20.88	3.744765	159.5075	358.6017
20.9	3.747551	159.6223	358.6092
20.92	3.750391	159.7397	358.6169
20.94	3.753311	159.8613	358.6248
20.96	3.756291	159.9861	358.633
20.98	3.759315	160.1135	358.6414
21	3.762414	160.2448	358.65
21.02	3.765564	160.3792	358.6588
21.04	3.768752	160.5161	358.6678
21.06	3.772007	160.6569	358.6771
21.08	3.775311	160.8008	358.6865
21.1	3.778646	160.9471	358.6962
21.12	3.782042	161.0972	358.7061
21.14	3.78548	161.2504	358.7162
21.16	3.788986	161.4078	358.7266
21.18	3.79254	161.5686	358.7372
21.2	3.796123	161.7322	358.748
21.22	3.799761	161.8998	358.7591
21.24	3.803437	162.0706	358.7704
21.26	3.807132	162.2441	358.782
21.28	3.810877	162.4214	358.7937
21.3	3.814648	162.6018	358.8057
21.32	3.818434	162.7847	358.8179
21.34	3.822258	162.9715	358.8304
21.36	3.826105	163.1613	358.843
21.38	3.829151	163.3132	358.8531
21.4	3.83157	163.4346	358.8613
21.42	3.833492	163.5318	358.8678
21.44	3.835022	163.6096	358.873
21.46	3.83624	163.6718	358.8771
21.48	3.837212	163.7216	358.8805
21.5	3.837987	163.7614	358.8831
21.52	3.838606	163.7932	358.8853
21.54	3.839101	163.8187	358.887
21.56	3.839496	163.8391	358.8883
21.58	3.839811	163.8554	358.8894
21.6	3.840063	163.8684	358.8903
21.62	3.840265	163.8789	358.891
21.64	3.840425	163.8872	358.8915
21.66	3.840554	163.8939	358.892
21.68	3.840657	163.8992	358.8924
21.7	3.84074	163.9035	358.8926
21.72	3.840806	163.907	358.8929
21.74	3.840859	163.9097	358.8931
21.76	3.840901	163.9119	358.8932
21.78	3.840935	163.9136	358.8933
21.8	3.840962	163.915	358.8934
21.82	3.840982	163.9161	358.8935
21.84	3.841001	163.917	358.8936
21.86	3.841014	163.9178	358.8936
21.88	3.841025	163.9183	358.8936
21.9	3.841035	163.9188	358.8937
21.92	3.841042	163.9191	358.8937
21.94	3.841047	163.9194	358.8937
21.96	3.841052	163.9197	358.8937
21.98	3.841056	163.9199	358.8937
22	3.841058	163.92	358.8937
22.02	3.84106	163.9202	358.8938
22.04	3.841062	163.9202	358.8938
22.06	3.841064	163.9203	358.8938
22.08	3.841065	163.9204	358.8938
22.1	3.841067	163.9204	358.8938
22.12	3.841066	163.9205	358.8938
22.14	3.841066	163.9205	358.8938
22.16	3.841067	163.9205	358.8938
22.18	3.841067	163.9205	358.8938
22.2	3.841068	163.9205	358.8938
22.22	3.841068	163.9206	358.8938
22.24	3.841068	163.9206	358.8938
22.26	3.841068	163.9206	358.8938
22.28	3.841068	163.9206	358.8938
22.3	3.841069	163.9206	358.8938
22.32	3.841069	163.9206	358.8938
22.34	3.841104	163.9225	358.8939
22.36	3.841168	163.9258	358.8941
22.38	3.84129	163.9321	358.8946
22.4	3.841458	163.9408	358.8951
22.42	3.841698	163.9533	358.896
22.44	3.841996	163.9688	358.897
22.46	3.84234	163.9867	358.8982
22.48	3.842757	164.0084	358.8997
22.5	3.843229	164.0331	358.9013
22.52	3.843782	164.0621	358.9033
22.54	3.844399	164.0944	358.9054
22.56	3.845102	164.1313	358.9079
22.58	3.845871	164.1718	358.9106
22.6	3.846729	164.2171	358.9137
22.62	3.847656	164.2662	358.917
22.64	3.848638	164.3184	358.9205
22.66	3.849663	164.3729	358.9241
22.68	3.85072	164.4295	358.9279
22.7	3.851837	164.4894	358.9319
22.72	3.852999	164.552	358.9362
22.74	3.854198	164.6168	358.9405
22.76	3.855422	164.6833	358.945
22.78	3.856667	164.7513	358.9496
22.8	3.857961	164.8222	358.9543
22.82	3.859292	164.8954	358.9592
22.84	3.860651	164.9705	358.9643
22.86	3.862062	165.049	358.9696
22.88	3.863515	165.1302	358.9751
22.9	3.864999	165.2135	358.9807
22.92	3.866536	165.3003	358.9865
22.94	3.868114	165.39	358.9926
22.96	3.869754	165.4838	358.9989
22.98	3.871442	165.5809	359.0055
23	3.873164	165.6806	359.0122
23.02	3.87494	165.7843	359.0192
23.04	3.876759	165.8911	359.0264
23.06	3.878605	166.0004	359.0338
23.08	3.880503	166.1136	359.0415
23.1	3.882435	166.2299	359.0493
23.12	3.884423	166.3505	359.0575
23.14	3.88645	166.4745	359.0659
23.16	3.888503	166.6013	359.0745
23.18	3.890601	166.7321	359.0834
23.2	3.892731	166.8662	359.0925
23.22	3.89488	167.0029	359.1017
23.24	3.897067	167.1434	359.1113
23.26	3.899278	167.2871	359.1211
23.28	3.901531	167.4351	359.1311
23.3	3.90381	167.5866	359.1414
23.32	3.906101	167.7409	359.1519
23.34	3.908426	167.8992	359.1628
23.36	3.910766	168.0608	359.1738
23.38	3.913138	168.2268	359.1851
23.4	3.915526	168.3964	359.1967
23.42	3.917921	168.5688	359.2084
23.44	3.920335	168.7453	359.2205
23.46	3.922757	168.9251	359.2328
23.48	3.925174	169.1075	359.2453
23.5	3.927601	169.2939	359.2581
23.52	3.930029	169.4834	359.271
23.54	3.932469	169.6773	359.2843
23.56	3.934905	169.8747	359.2979
23.58	3.937328	170.0749	359.3116
23.6	3.93973	170.2773	359.3255
23.62	3.942124	170.4833	359.3397
23.64	3.9445	170.6922	359.354
23.66	3.94685	170.9035	359.3686
23.68	3.949166	171.1166	359.3832
23.7	3.951442	171.3312	359.398
23.72	3.953695	171.5488	359.413
23.74	3.955914	171.7688	359.4282
23.76	3.958095	171.9908	359.4435
23.78	3.960249	172.2162	359.4591
23.8	3.962366	172.4442	359.4749
23.82	3.964439	172.6745	359.4908
23.84	3.966052	172.8587	359.5035
23.86	3.967312	173.006	359.5137
23.88	3.968302	173.1239	359.5219
23.9	3.969083	173.2182	359.5284
23.92	3.969699	173.2937	359.5336
23.94	3.970187	173.354	359.5378
23.96	3.970574	173.4023	359.5411
23.98	3.970882	173.4409	359.5438
24	3.971125	173.4719	359.5459
24.02	3.971321	173.4966	359.5476
24.04	3.971477	173.5164	359.549
24.06	3.971601	173.5322	359.5501
24.08	3.9717	173.5448	359.551
24.1	3.971779	173.555	359.5517
24.12	3.971843	173.5631	359.5522
24.14	3.971893	173.5695	359.5527
24.16	3.971934	173.5747	359.5531
24.18	3.971966	173.5789	359.5533
24.2	3.971992	173.5822	359.5536
24.22	3.972012	173.5849	359.5538
24.24	3.972028	173.587	359.5539
24.26	3.972042	173.5887	359.554
24.28	3.972053	173.59	359.5541
24.3	3.972061	173.5911	359.5542
24.32	3.972068	173.592	359.5543
24.34	3.972074	173.5927	359.5543
24.36	3.972077	173.5932	359.5544
24.38	3.972081	173.5937	359.5544
24.4	3.972084	173.594	359.5544
24.42	3.972086	173.5943	359.5544
24.44	3.972088	173.5946	359.5544
24.46	3.972089	173.5947	359.5544
24.48	3.972091	173.5949	359.5544
24.5	3.972092	173.595	359.5545
24.52	3.972092	173.5951	359.5545
24.54	3.972093	173.5952	359.5545
24.56	3.972093	173.5952	359.5545
24.58	3.972094	173.5953	359.5545
24.6	3.972095	173.5953	359.5545
24.62	3.972095	173.5954	359.5545
24.64	3.972095	173.5954	359.5545
24.66	3.972095	173.5954	359.5545
24.68	3.972095	173.5954	359.5545
24.7	3.972095	173.5954	359.5545
24.72	3.972095	173.5954	359.5545
24.74	3.972095	173.5954	359.5545
24.76	3.972095	173.5954	359.5545
24.78	3.972095	173.5954	359.5545
24.8	3.972095	173.5955	359.5545
24.82	3.972095	173.5955	359.5545
24.84	3.972095	173.5955	359.5545
24.86	3.972095	173.5955	359.5545
24.88	3.972095	173.5955	359.5545
24.9	3.972095	173.5955	359.5545
24.92	3.972095	173.5955	359.5545
24.94	3.972095	173.5955	359.5545
24.96	3.972095	173.5955	359.5545
24.98	3.972095	173.5955	359.5545
25	3.972095	173.5955	359.5545
25.02	3.972095	173.5955	359.5545
25.04	3.972095	173.5955	359.5545
25.06	3.972095	173.5955	359.5545
25.08	3.972095	173.5955	359.5545
25.1	3.972095	173.5955	359.5545
25.12	3.972095	173.5955	359.5545
25.14	3.972095	173.5955	359.5545
25.16	3.972095	173.5955	359.5545
25.18	3.972095	173.5955	359.5545
25.2	3.972095	173.5955	359.5545
25.22	3.972095	173.5955	359.5545
25.24	3.972095	173.5955	359.5545
25.26	3.972095	173.5955	359.5545
25.28	3.972095	173.5955	359.5545
25.3	3.972095	173.5955	359.5545
25.32	3.972095	173.5955	359.5545
25.34	3.972095	173.5955	359.5545
25.36	3.972095	173.5955	359.5545
25.38	3.972095	173.5955	359.5545
25.4	3.972095	173.5955	359.5545
25.42	3.972095	173.5955	359.5545
25.44	3.972095	173.5955	359.5545
25.46	3.972095	173.5955	359.5545
25.48	3.972095	173.5955	359.5545
25.5	3.972095	173.5955	359.5545
25.52	3.972095	173.5955	359.5545
25.54	3.972095	173.5955	359.5545
25.56	3.972095	173.5955	359.5545
25.58	3.972095	173.5955	359.5545
25.6	3.972095	173.5955	359.5545
25.62	3.972095	173.5955	359.5545
25.64	3.972095	173.5955	359.5545
25.66	3.972095	173.5955	359.5545
25.68	3.972095	173.5955	359.5545
25.7	3.972095	173.5955	359.5545
25.72	3.972095	173.5955	359.5545
25.74	3.972095	173.5955	359.5545
25.76	3.972095	173.5955	359.5545
25.78	3.972095	173.5955	359.5545
25.8	3.972095	173.5955	359.5545
25.82	3.972095	173.5955	359.5545
25.84	3.972095	173.5955	359.5545
25.86	3.972095	173.5955	359.5545
25.88	3.972095	173.5955	359.5545
25.9	3.972095	173.5955	359.5545
25.92	3.972095	173.5955	359.5545
25.94	3.972095	173.5955	359.5545
25.96	3.972095	173.5955	359.5545
25.98	3.972095	173.5955	359.5545
26	3.972095	173.5955	359.5545
26.02	3.972095	173.5955	359.5545
26.04	3.972095	173.5955	359.5545
26.06	3.972095	173.5955	359.5545
26.08	3.972095	173.5955	359.5545
26.1	3.972095	173.5955	359.5545
26.12	3.972095	173.5955	359.5545
26.14	3.972095	173.5955	359.5545
26.16	3.972095	173.5955	359.5545
26.18	3.972095	173.5955	359.5545
26.2	3.972095	173.5955	359.5545
26.22	3.972095	173.5955	359.5545
26.24	3.972095	173.5955	359.5545
26.26	3.972095	173.5955	359.5545
26.28	3.972095	173.5955	359.5545
26.3	3.972095	173.5955	359.5545
26.32	3.972095	173.5955	359.5545
26.34	3.972095	173.5955	359.5545
26.36	3.972095	173.5955	359.5545
26.38	3.972095	173.5955	359.5545
26.4	3.972095	173.5955	359.5545
26.42	3.972095	173.5955	359.5545
26.44	3.972095	173.5955	359.5545
26.46	3.972095	173.5955	359.5545
26.48	3.972095	173.5955	359.5545
26.5	3.972095	173.5955	359.5545
26.52	3.972095	173.5955	359.5545
26.54	3.972095	173.5955	359.5545
26.56	3.972095	173.5955	359.5545
26.58	3.972095	173.5955	359.5545
26.6	3.972095	173.5955	359.5545
26.62	3.972095	173.5955	359.5545
26.64	3.972095	173.5955	359.5545
26.66	3.972095	173.5955	359.5545
26.68	3.972095	173.5955	359.5545
26.7	3.972095	173.5955	359.5545
26.72	3.972095	173.5955	359.5545
26.74	3.972095	173.5955	359.5545
26.76	3.972095	173.5955	359.5545
26.78	3.972095	173.5955	359.5545
26.8	3.972095	173.5955	359.5545
26.82	3.972095	173.5955	359.5545
26.84	3.972095	173.5955	359.5545
26.86	3.972095	173.5955	359.5545
26.88	3.972095	173.5955	359.5545
26.9	3.972095	173.5955	359.5545
26.92	3.972095	173.5955	359.5545
26.94	3.972095	173.5955	359.5545
26.96	3.972095	173.5955	359.5545
26.98	3.972095	173.5955	359.5545
27	3.972095	173.5955	359.5545
27.02	3.972095	173.5955	359.5545
27.04	3.972095	173.5955	359.5545
27.06	3.972095	173.5955	359.5545
27.08	3.972095	173.5955	359.5545
27.1	3.972095	173.5955	359.5545
27.12	3.972095	173.5955	359.5545
27.14	3.972095	173.5955	359.5545
27.16	3.972095	173.5955	359.5545
27.18	3.972095	173.5955	359.5545
27.2	3.972095	173.5955	359.5545
27.22	3.972095	173.5955	359.5545
27.24	3.972095	173.5955	359.5545
27.26	3.972095	173.5955	359.5545
27.28	3.972095	173.5955	359.5545
27.3	3.972095	173.5955	359.5545
27.32	3.972095	173.5955	359.5545
27.34	3.972095	173.5955	359.5545
27.36	3.972095	173.5955	359.5545
27.38	3.972095	173.5955	359.5545
27.4	3.972095	173.5955	359.5545
27.42	3.972095	173.5955	359.5545
27.44	3.972095	173.5955	359.5545
27.46	3.972095	173.5955	359.5545
27.48	3.972095	173.5955	359.5545
27.5	3.972095	173.5955	359.5545
27.52	3.972095	173.5955	359.5545
27.54	3.972095	173.5955	359.5545
27.56	3.972095	173.5955	359.5545
27.58	3.972095	173.5955	359.5545
27.6	3.972095	173.5955	359.5545
27.62	3.972095	173.5955	359.5545
27.64	3.972095	173.5955	359.5545
27.66	3.972095	173.5955	359.5545
27.68	3.972095	173.5955	359.5545
27.7	3.972095	173.5955	359.5545
27.72	3.972095	173.5955	359.5545
27.74	3.972095	173.5955	359.5545
27.76	3.972095	173.5955	359.5545
27.78	3.972095	173.5955	359.5545
27.8	3.972095	173.5955	359.5545
27.82	3.972095	173.5955	359.5545
27.84	3.972095	173.5955	359.5545
27.86	3.972095	173.5955	359.5545
27.88	3.972095	173.5955	359.5545
27.9	3.972095	173.5955	359.5545
27.92	3.972095	173.5955	359.5545
27.94	3.972095	173.5955	359.5545
27.96	3.972095	173.5955	359.5545
27.98	3.972095	173.5955	359.5545
28	3.972095	173.5955	359.5545
28.02	3.972095	173.5955	359.5545
28.04	3.972095	173.5955	359.5545
28.06	3.972095	173.5955	359.5545
28.08	3.972095	173.5955	359.5545
28.1	3.972095	173.5955	359.5545
28.12	3.972095	173.5955	359.5545
28.14	3.972095	173.5955	359.5545
28.16	3.972095	173.5955	359.5545
28.18	3.972095	173.5955	359.5545
28.2	3.972095	173.5955	359.5545
28.22	3.972095	173.5955	359.5545
28.24	3.972095	173.5955	359.5545
28.26	3.972095	173.5955	359.5545
28.28	3.972095	173.5955	359.5545
28.3	3.972095	173.5955	359.5545
28.32	3.972095	173.5955	359.5545
28.34	3.972095	173.5955	359.5545
28.36	3.972095	173.5955	359.5545
28.38	3.972095	173.5955	359.5545
28.4	3.972095	173.5955	359.5545
28.42	3.972095	173.5955	359.5545
28.44	3.972095	173.5955	359.5545
28.46	3.972095	173.5955	359.5545
28.48	3.972095	173.5955	359.5545
28.5	3.972095	173.5955	359.5545
28.52	3.972095	173.5955	359.5545
28.54	3.972095	173.5955	359.5545
28.56	3.972095	173.5955	359.5545
28.58	3.972095	173.5955	359.5545
28.6	3.972095	173.5955	359.5545
28.62	3.972095	173.5955	359.5545
28.64	3.972095	173.5955	359.5545
28.66	3.972095	173.5955	359.5545
28.68	3.972095	173.5955	359.5545
28.7	3.972095	173.5955	359.5545
28.72	3.972095	173.5955	359.5545
28.74	3.972095	173.5955	359.5545
28.76	3.972095	173.5955	359.5545
28.78	3.972095	173.5955	359.5545
28.8	3.972095	173.5955	359.5545
28.82	3.972095	173.5955	359.5545
28.84	3.972095	173.5955	359.5545
28.86	3.972095	173.5955	359.5545
28.88	3.972095	173.5955	359.5545
28.9	3.972095	173.5955	359.5545
28.92	3.972095	173.5955	359.5545
28.94	3.972095	173.5955	359.5545
28.96	3.972095	173.5955	359.5545
28.98	3.972095	173.5955	359.5545
29	3.972095	173.5955	359.5545
29.02	3.972095	173.5955	359.5545
29.04	3.972095	173.5955	359.5545
29.06	3.972095	173.5955	359.5545
29.08	3.972095	173.5955	359.5545
29.1	3.972095	173.5955	359.5545
29.12	3.972095	173.5955	359.5545
29.14	3.972095	173.5955	359.5545
29.16	3.972095	173.5955	359.5545
29.18	3.97208	173.5936	359.5544
29.2	3.972055	173.5903	359.5541
29.22	3.97202	173.5858	359.5538
29.24	3.971964	173.5786	359.5533
29.26	3.97189	173.5691	359.5527
29.28	3.971788	173.556	359.5518
29.3	3.971663	173.54	359.5507
29.32	3.971506	173.5199	359.5493
29.34	3.971321	173.4964	359.5476
29.36	3.9711	173.4684	359.5457
29.38	3.97085	173.4368	359.5435
29.4	3.970576	173.4024	359.5411
29.42	3.970266	173.3638	359.5385
29.44	3.969928	173.322	359.5356
29.46	3.969551	173.2756	359.5323
29.48	3.969142	173.2256	359.5289
29.5	3.968708	173.1728	359.5252
29.52	3.968358	173.1305	359.5223
29.54	3.968075	173.0967	359.52
29.56	3.967849	173.0696	359.5181
29.58	3.967667	173.048	359.5166
29.6	3.967522	173.0307	359.5154
29.62	3.967405	173.0168	359.5144
29.64	3.96731	173.0057	359.5137
29.66	3.967235	172.9969	359.5131
29.68	3.967175	172.9898	359.5126
29.7	3.967128	172.9841	359.5122
29.72	3.967088	172.9796	359.5119
29.74	3.967058	172.976	359.5116
29.76	3.967033	172.973	359.5114
29.78	3.967013	172.9707	359.5113
29.8	3.966998	172.9689	359.5111
29.82	3.966986	172.9674	359.511
29.84	3.966975	172.9662	359.5109
29.86	3.966967	172.9652	359.5109
29.88	3.966961	172.9645	359.5108
29.9	3.966956	172.9639	359.5108
29.92	3.966952	172.9634	359.5107
29.94	3.966948	172.963	359.5107
29.96	3.966946	172.9627	359.5107
29.98	3.966943	172.9624	359.5107
30	3.966942	172.9622	359.5107
30.02	3.966939	172.9621	359.5107
30.04	3.966938	172.9619	359.5107
30.06	3.966937	172.9618	359.5106
30.08	3.966937	172.9618	359.5106
30.1	3.966937	172.9617	359.5106
30.12	3.966936	172.9616	359.5106
30.14	3.966936	172.9616	359.5106
30.16	3.966935	172.9616	359.5106
30.18	3.966935	172.9615	359.5106
30.2	3.966935	172.9615	359.5106
30.22	3.966935	172.9615	359.5106
30.24	3.966935	172.9615	359.5106
30.26	3.966934	172.9615	359.5106
30.28	3.966934	172.9615	359.5106
30.3	3.966934	172.9615	359.5106
30.32	3.966934	172.9615	359.5106
30.34	3.966934	172.9614	359.5106
30.36	3.966934	172.9614	359.5106
30.38	3.966934	172.9614	359.5106
30.4	3.966934	172.9614	359.5106
30.42	3.966934	172.9614	359.5106
30.44	3.966934	172.9614	359.5106
30.46	3.966934	172.9614	359.5106
30.48	3.966934	172.9614	359.5106
30.5	3.966934	172.9614	359.5106
30.52	3.966934	172.9614	359.5106
30.54	3.966934	172.9614	359.5106
30.56	3.966934	172.9614	359.5106
30.58	3.966934	172.9614	359.5106
30.6	3.966934	172.9614	359.5106
30.62	3.966934	172.9614	359.5106
30.64	3.966934	172.9614	359.5106
30.66	3.966934	172.9614	359.5106
30.68	3.966934	172.9614	359.5106
30.7	3.966934	172.9614	359.5106
30.72	3.966934	172.9614	359.5106
30.74	3.966934	172.9614	359.5106
30.76	3.96695	172.9633	359.5107
30.78	3.966979	172.9666	359.511
30.8	3.967016	172.9711	359.5113
30.82	3.967078	172.9783	359.5118
30.84	3.967158	172.9878	359.5124
30.86	3.967254	172.9991	359.5132
30.88	3.967377	173.0136	359.5142
30.9	3.967522	173.0307	359.5154
30.92	3.967699	173.0518	359.5168
30.94	3.967902	173.076	359.5185
30.96	3.968127	173.1027	359.5204
30.98	3.96838	173.1333	359.5225
31	3.968659	173.1669	359.5248
31.02	3.968972	173.2048	359.5274
31.04	3.969311	173.2462	359.5303
31.06	3.969685	173.2922	359.5335
31.08	3.970087	173.3418	359.5369
31.1	3.970524	173.3962	359.5407
31.12	3.970988	173.4544	359.5447
31.14	3.971472	173.5157	359.549
31.16	3.971854	173.5648	359.5524
31.18	3.972159	173.604	359.5551
31.2	3.972401	173.6354	359.5573
31.22	3.972594	173.6605	359.559
31.24	3.972748	173.6806	359.5604
31.26	3.972871	173.6966	359.5615
31.28	3.972968	173.7095	359.5624
31.3	3.973047	173.7197	359.5631
31.32	3.973109	173.728	359.5637
31.34	3.97316	173.7346	359.5641
31.36	3.9732	173.7398	359.5645
31.38	3.973232	173.744	359.5648
31.4	3.973257	173.7474	359.565
31.42	3.973278	173.7501	359.5652
31.44	3.973295	173.7523	359.5654
31.46	3.973307	173.754	359.5655
31.48	3.973317	173.7554	359.5656
31.5	3.973325	173.7565	359.5656
31.52	3.973332	173.7574	359.5657
31.54	3.973338	173.758	359.5658
31.56	3.973342	173.7586	359.5658
31.58	3.973346	173.7591	359.5658
31.6	3.973349	173.7594	359.564
31.62	3.973351	173.7597	359.5607
31.64	3.973353	173.76	359.5563
31.66	3.973354	173.7601	359.549
31.68	3.973356	173.7603	359.5396
31.7	3.973357	173.7604	359.5284
31.72	3.973358	173.7605	359.5157
31.74	3.973359	173.7606	359.5001
31.76	3.97336	173.7606	359.4821
31.78	3.97336	173.7607	359.4622
31.8	3.97336	173.7607	359.439
31.82	3.973361	173.7608	359.413
31.84	3.973361	173.7608	359.3849
31.86	3.973361	173.7608	359.3533
31.88	3.973361	173.7608	359.3188
31.9	3.97336	173.7608	359.2821
31.92	3.973361	173.7608	359.2527
31.94	3.973362	173.7608	359.2292
31.96	3.973362	173.7608	359.2104
31.98	3.973361	173.7609	359.1953
32	3.973361	173.7609	359.1833
32.02	3.973362	173.7609	359.1736
32.04	3.973361	173.7609	359.1659
32.06	3.973361	173.7609	359.1598
32.08	3.973361	173.7609	359.1548
32.1	3.973361	173.7609	359.1509
32.12	3.973361	173.7609	359.1477
32.14	3.973362	173.7609	359.1452
32.16	3.973362	173.7609	359.1432
32.18	3.973361	173.7609	359.1416
32.2	3.973361	173.7609	359.1403
32.22	3.973361	173.7609	359.1392
32.24	3.973362	173.7609	359.1384
32.26	3.973362	173.7609	359.1377
32.28	3.973362	173.7609	359.1372
32.3	3.973361	173.7609	359.1368
32.32	3.973362	173.7609	359.1346
32.34	3.973362	173.7609	359.131
32.36	3.973361	173.7609	359.1245
32.38	3.973361	173.7609	359.1156
32.4	3.973361	173.7609	359.1049
32.42	3.973361	173.7609	359.0907
32.44	3.973361	173.7609	359.0739
32.46	3.973361	173.7609	359.055
32.48	3.973361	173.7609	359.0325
32.5	3.973361	173.7609	359.0072
32.52	3.973361	173.7609	358.9796
32.54	3.973361	173.7609	358.9484
32.56	3.973361	173.7609	358.9142
32.58	3.97336	173.7609	358.8759
32.6	3.973361	173.7609	358.8342
32.62	3.97336	173.7609	358.7899
32.64	3.97336	173.7609	358.7416
32.66	3.97336	173.7609	358.6901
32.68	3.97336	173.7609	358.6342
32.7	3.97336	173.7609	358.5749
32.72	3.97336	173.7609	358.5128
32.74	3.97336	173.7609	358.4466
32.76	3.97336	173.7609	358.3771
32.78	3.97336	173.7609	358.305
32.8	3.97336	173.7609	358.229
32.82	3.97336	173.7609	358.1499
32.84	3.97336	173.7609	358.0682
32.86	3.97336	173.7609	357.9828
32.88	3.97336	173.7609	357.8942
32.9	3.97336	173.7609	357.8032
32.92	3.973361	173.7609	357.7102
32.94	3.97336	173.7609	357.6138
32.96	3.973361	173.7609	357.5147
32.98	3.973361	173.7609	357.4134
33	3.973361	173.7609	357.3104
33.02	3.973361	173.7609	357.228
33.04	3.973361	173.7609	357.162
33.06	3.973361	173.7609	357.1093
33.08	3.973361	173.7609	357.0671
33.1	3.97336	173.7609	357.0333
33.12	3.973361	173.7609	357.0063
33.14	3.973361	173.7609	356.9847
33.16	3.973361	173.7609	356.9674
33.18	3.973361	173.7609	356.9536
33.2	3.973361	173.7609	356.9425
33.22	3.973361	173.7609	356.9337
33.24	3.973361	173.7609	356.9266
33.26	3.973361	173.7609	356.9209
33.28	3.973361	173.7609	356.9164
33.3	3.973361	173.7609	356.9128
33.32	3.973361	173.7609	356.9099
33.34	3.973361	173.7609	356.9075
33.36	3.973361	173.7609	356.9057
33.38	3.973361	173.7609	356.9042
33.4	3.973361	173.7609	356.903
33.42	3.973361	173.7609	356.9021
33.44	3.973361	173.7609	356.9013
33.46	3.973361	173.7609	356.9007
33.48	3.973361	173.7609	356.9002
33.5	3.973361	173.7609	356.8998
33.52	3.973361	173.7609	356.8995
33.54	3.973361	173.7609	356.8993
33.56	3.973361	173.7609	356.899
33.58	3.973361	173.7609	356.8989
33.6	3.973361	173.7609	356.8988
33.62	3.973361	173.7609	356.8987
33.64	3.973361	173.7609	356.8986
33.66	3.97336	173.7609	356.8985
33.68	3.973361	173.7609	356.8985
33.7	3.973361	173.7609	356.8984
33.72	3.973361	173.7609	356.8984
33.74	3.97336	173.7609	356.8984
33.76	3.973361	173.7609	356.8983
33.78	3.973361	173.7609	356.8983
33.8	3.973361	173.7609	356.8983
33.82	3.97336	173.7609	356.8983
33.84	3.97336	173.7609	356.8983
33.86	3.973361	173.7609	356.8983
33.88	3.973361	173.7609	356.8983
33.9	3.973361	173.7609	356.8983
33.92	3.973361	173.7609	356.8983
33.94	3.973361	173.7609	356.8983
33.96	3.97336	173.7609	356.8983
33.98	3.97336	173.7609	356.8983
34	3.97336	173.7609	356.8983
34.02	3.97336	173.7609	356.8983
34.04	3.97336	173.7609	356.8983
34.06	3.97336	173.7609	356.8983
34.08	3.97336	173.7609	356.8983
34.1	3.97336	173.7609	356.8983
34.12	3.97336	173.7609	356.8983
34.14	3.97336	173.7609	356.8983
34.16	3.97336	173.7609	356.8983
34.18	3.97336	173.7609	356.8983
34.2	3.97336	173.7609	356.8983
34.22	3.97336	173.7609	356.8983
34.24	3.97336	173.7609	356.8983
34.26	3.97336	173.7609	356.8983
34.28	3.97336	173.7609	356.8983
34.3	3.97336	173.7609	356.8983
34.32	3.97336	173.7609	356.8983
34.34	3.97336	173.7609	356.8983
34.36	3.97336	173.7609	356.8983
34.38	3.97336	173.7609	356.8983
34.4	3.97336	173.7609	356.8983
34.42	3.97336	173.7609	356.8983
34.44	3.97336	173.7609	356.8983
34.46	3.97336	173.7609	356.8983
34.48	3.97336	173.7609	356.8983
34.5	3.97336	173.7609	356.8983
34.52	3.97336	173.7609	356.8983
34.54	3.97336	173.7609	356.8983
34.56	3.97336	173.7609	356.8983
34.58	3.97336	173.7609	356.8983
34.6	3.97336	173.7609	356.8983
34.62	3.97336	173.7609	356.8983
34.64	3.97336	173.7609	356.8983
34.66	3.97336	173.7609	356.8983
34.68	3.97336	173.7609	356.8983
34.7	3.97336	173.7609	356.8983
34.72	3.973459	173.7627	356.8984
34.74	3.973637	173.766	356.8986
34.76	3.973978	173.7723	356.899
34.78	3.97445	173.7811	356.8997
34.8	3.975025	173.7917	356.9004
34.82	3.975782	173.8057	356.9014
34.84	3.976686	173.8224	356.9025
34.86	3.977804	173.8432	356.904
34.88	3.979094	173.8671	356.9056
34.9	3.980522	173.8936	356.9075
34.92	3.982157	173.9239	356.9096
34.94	3.983958	173.9574	356.9119
34.96	3.985991	173.9951	356.9145
34.98	3.988207	174.0364	356.9174
35	3.990569	174.0804	356.9204
35.02	3.993147	174.1284	356.9238
35.04	3.995893	174.1797	356.9274
35.06	3.998777	174.2336	356.9311
35.08	4.001866	174.2914	356.9352
35.1	4.005116	174.3523	356.9394
35.12	4.008594	174.4175	356.944
35.14	4.01225	174.4863	356.9488
35.16	4.016147	174.5596	356.9539
35.18	4.020231	174.6366	356.9593
35.2	4.024464	174.7166	356.9649
35.22	4.028911	174.8007	356.9708
35.24	4.033527	174.8883	356.977
35.26	4.038273	174.9785	356.9833
35.28	4.04322	175.0726	356.99
35.3	4.048322	175.17	356.9968
35.32	4.053546	175.27	357.0039
35.34	4.058959	175.3738	357.0112
35.36	4.06452	175.4807	357.0188
35.38	4.070194	175.5901	357.0266
35.4	4.076053	175.7033	357.0346
35.42	4.082052	175.8196	357.0429
35.44	4.088161	175.9383	357.0513
35.46	4.094445	176.0608	357.0601
35.48	4.100866	176.1864	357.0691
35.5	4.107486	176.3162	357.0783
35.52	4.114256	176.4494	357.0879
35.54	4.121142	176.5853	357.0977
35.56	4.128209	176.7253	357.1077
35.58	4.135411	176.8685	357.118
35.6	4.141155	176.9831	357.1263
35.62	4.145738	177.0747	357.1329
35.64	4.149396	177.148	357.1382
35.66	4.152318	177.2067	357.1425
35.68	4.154653	177.2536	357.1459
35.7	4.156518	177.2912	357.1486
35.72	4.15801	177.3212	357.1508
35.74	4.159202	177.3452	357.1525
35.76	4.160155	177.3644	357.1539
35.78	4.160917	177.3798	357.155
35.8	4.161527	177.3921	357.1559
35.82	4.162014	177.4019	357.1566
35.84	4.162405	177.4098	357.1572
35.86	4.162716	177.4161	357.1577
35.88	4.162965	177.4212	357.158
35.9	4.163165	177.4252	357.1583
35.92	4.163325	177.4284	357.1586
35.94	4.163453	177.431	357.1588
35.96	4.163555	177.4331	357.1589
35.98	4.163637	177.4347	357.159
36	4.163702	177.436	357.1591
36.02	4.163755	177.4371	357.1592
36.04	4.163796	177.4379	357.1592
36.06	4.163829	177.4386	357.1593
36.08	4.163856	177.4391	357.1593
36.1	4.163877	177.4396	357.1594
36.12	4.163894	177.4399	357.1594
36.14	4.163909	177.4402	357.1594
36.16	4.163919	177.4404	357.1594
36.18	4.163929	177.4406	357.1595
36.2	4.163935	177.4408	357.1595
36.22	4.16394	177.4409	357.1595
36.24	4.163946	177.4409	357.1595
36.26	4.16395	177.441	357.1595
36.28	4.163952	177.4411	357.1595
36.3	4.163954	177.4411	357.1595
36.32	4.163956	177.4412	357.1595
36.34	4.163958	177.4412	357.1595
36.36	4.163959	177.4412	357.1595
36.38	4.16396	177.4412	357.1595
36.4	4.16396	177.4413	357.1595
36.42	4.163961	177.4413	357.1595
36.44	4.163962	177.4413	357.1595
36.46	4.163962	177.4413	357.1595
36.48	4.163962	177.4413	357.1595
36.5	4.163962	177.4413	357.1595
36.52	4.164054	177.4431	357.1596
36.54	4.164217	177.4464	357.1599
36.56	4.16453	177.4528	357.1603
36.58	4.164961	177.4615	357.1609
36.6	4.165489	177.4721	357.1617
36.62	4.166182	177.4862	357.1628
36.64	4.167009	177.5029	357.164
36.66	4.168033	177.5236	357.1655
36.68	4.169215	177.5476	357.1672
36.7	4.170612	177.5759	357.1693
36.72	4.172182	177.6077	357.1716
36.74	4.173888	177.6424	357.1741
36.76	4.175795	177.6811	357.1769
36.78	4.177858	177.7231	357.18
36.8	4.180049	177.7677	357.1832
36.82	4.182429	177.8163	357.1868
36.84	4.184963	177.868	357.1906
36.86	4.187704	177.924	357.1946
36.88	4.190609	177.9836	357.199
36.9	4.193648	178.0459	357.2036
36.92	4.196878	178.1123	357.2084
36.94	4.200262	178.1819	357.2135
36.96	4.203764	178.2541	357.2188
36.98	4.207449	178.3303	357.2244
37	4.211278	178.4095	357.2302
37.02	4.21522	178.4913	357.2362
37.04	4.219338	178.577	357.2425
37.06	4.223594	178.6657	357.249
37.08	4.227957	178.7568	357.2557
37.1	4.232491	178.8518	357.2628
37.12	4.237157	178.9498	357.27
37.14	4.241928	179.0502	357.2774
37.16	4.246863	179.1545	357.2851
37.18	4.251928	179.2617	357.2931
37.2	4.257179	179.3733	357.3014
37.22	4.262572	179.4882	357.3099
37.24	4.268076	179.6059	357.3186
37.26	4.273749	179.7275	357.3277
37.28	4.279552	179.8524	357.337
37.3	4.285454	179.9799	357.3465
37.32	4.291513	180.1112	357.3564
37.34	4.297692	180.2457	357.3664
37.36	4.303963	180.3827	357.3767
37.38	4.310383	180.5235	357.3873
37.4	4.316916	180.6673	357.3981
37.42	4.323532	180.8137	357.4091
37.44	4.330291	180.9638	357.4204
37.46	4.337156	181.117	357.432
37.48	4.3441	181.2726	357.4438
37.5	4.351177	181.4319	357.4559
37.52	4.358356	181.5943	357.4682
37.54	4.365685	181.761	357.4809
37.56	4.373126	181.9311	357.4938
37.58	4.380728	182.1057	357.5072
37.6	4.388446	182.284	357.5208
37.62	4.396247	182.4653	357.5347
37.64	4.404183	182.6507	357.5489
37.66	4.412215	182.8394	357.5634
37.68	4.420312	183.0308	357.5782
37.7	4.428525	183.2262	357.5932
37.72	4.43682	183.4248	357.6086
37.74	4.445167	183.6259	357.6241
37.76	4.45362	183.8309	357.64
37.78	4.462141	184.039	357.6562
37.8	4.470703	184.2496	357.6726
37.82	4.479361	184.464	357.6894
37.84	4.488077	184.6815	357.7064
37.86	4.496825	184.9014	357.7236
37.88	4.505657	185.1252	357.7411
37.9	4.514539	185.3519	357.759
37.92	4.523516	185.583	357.7772
37.94	4.532549	185.8174	357.7957
37.96	4.541611	186.0546	357.8145
37.98	4.550748	186.2958	357.8336
38	4.559926	186.5403	357.853
38.02	4.569115	186.7873	357.8727
38.04	4.578295	187.0364	357.8925
38.06	4.587449	187.2871	357.9125
38.08	4.596563	187.5392	357.9327
38.1	4.60366	187.7372	357.9486
38.12	4.609167	187.8919	357.961
38.14	4.613418	188.012	357.9707
38.16	4.616611	188.1026	357.978
38.18	4.618963	188.1695	357.9834
38.2	4.620584	188.2157	357.9871
38.22	4.621619	188.2453	357.9895
38.24	4.622127	188.2598	357.9906
38.26	4.622211	188.2622	357.9908
38.28	4.621955	188.2549	357.9902
38.3	4.621366	188.2381	357.9889
38.32	4.620508	188.2136	357.9869
38.34	4.619369	188.1811	357.9843
38.36	4.618006	188.1422	357.9812
38.38	4.616395	188.0965	357.9775
38.4	4.614586	188.0451	357.9734
38.42	4.612552	187.9875	357.9687
38.44	4.610335	187.9249	357.9637
38.46	4.607971	187.8582	357.9583
38.48	4.605484	187.7884	357.9527
38.5	4.602833	187.7141	357.9467
38.52	4.600049	187.6363	357.9405
38.54	4.597155	187.5557	357.9341
38.56	4.594103	187.471	357.9272
38.58	4.590924	187.383	357.9202
38.6	4.587572	187.2905	357.9128
38.62	4.584077	187.1945	357.9051
38.64	4.580465	187.0956	357.8972
38.66	4.576756	186.9945	357.8892
38.68	4.572897	186.8897	357.8808
38.7	4.568914	186.7819	357.8722
38.72	4.564762	186.67	357.8633
38.74	4.560464	186.5547	357.8541
38.76	4.556049	186.4368	357.8448
38.78	4.551464	186.3148	357.8351
38.8	4.546739	186.1897	357.8252
38.82	4.541895	186.0621	357.815
38.84	4.53688	185.9305	357.8046
38.86	4.531723	185.7959	357.794
38.88	4.526445	185.6588	357.7832
38.9	4.520994	185.5179	357.772
38.92	4.515396	185.3739	357.7607
38.94	4.509671	185.2275	357.7492
38.96	4.50377	185.0773	357.7374
38.98	4.497718	184.924	357.7253
39	4.491537	184.7683	357.7132
39.02	4.485172	184.6089	357.7007
39.04	4.47865	184.4464	357.688
39.06	4.471994	184.2815	357.6751
39.08	4.465149	184.1128	357.662
39.1	4.45814	183.9412	357.6486
39.12	4.450993	183.7671	357.6351
39.14	4.443648	183.5892	357.6213
39.16	4.436135	183.4084	357.6073
39.18	4.428478	183.2251	357.5931
39.2	4.420617	183.038	357.5787
39.22	4.41258	182.848	357.5641
39.24	4.404315	182.6537	357.5491
39.26	4.395851	182.456	357.534
39.28	4.387219	182.2556	357.5186
39.3	4.378359	182.0512	357.503
39.32	4.369304	181.8436	357.4872
39.34	4.360077	181.6335	357.4712
39.36	4.350621	181.4194	357.4549
39.38	4.340966	181.2022	357.4385
39.4	4.331135	180.9826	357.4219
39.42	4.321068	180.7591	357.405
39.44	4.310796	180.5326	357.388
39.46	4.300345	180.3036	357.3708
39.48	4.289651	180.0708	357.3533
39.5	4.278747	179.835	357.3357
39.52	4.267654	179.5968	357.318
39.54	4.256399	179.3567	357.3001
39.56	4.244995	179.115	357.2822
39.58	4.235991	178.9253	357.2682
39.6	4.228932	178.7772	357.2573
39.62	4.223439	178.6624	357.2488
39.64	4.219298	178.5761	357.2424
39.66	4.216242	178.5126	357.2378
39.68	4.21406	178.4672	357.2344
39.7	4.212666	178.4383	357.2323
39.72	4.211905	178.4225	357.2311
39.74	4.211739	178.4191	357.2309
39.76	4.212049	178.4255	357.2314
39.78	4.212827	178.4417	357.2325
39.8	4.213981	178.4656	357.2343
39.82	4.215434	178.4958	357.2365
39.84	4.217213	178.5328	357.2393
39.86	4.219254	178.5752	357.2424
39.88	4.221501	178.622	357.2458
39.9	4.224001	178.6742	357.2497
39.92	4.226701	178.7306	357.2538
39.94	4.229648	178.7922	357.2584
39.96	4.23279	178.8581	357.2632
39.98	4.236085	178.9273	357.2683
40	4.239591	179.001	357.2738
40.02	4.243259	179.0784	357.2795
40.04	4.247145	179.1605	357.2856
40.06	4.2512	179.2463	357.2919
40.08	4.255388	179.3352	357.2985
40.1	4.259766	179.4284	357.3055
40.12	4.264291	179.5249	357.3126
40.14	4.268932	179.6242	357.32
40.16	4.273748	179.7275	357.3277
40.18	4.278698	179.834	357.3357
40.2	4.283753	179.9431	357.3438
40.22	4.288972	180.0561	357.3522
40.24	4.294318	180.1722	357.3609
40.26	4.299844	180.2927	357.3699
40.28	4.30551	180.4166	357.3792
40.3	4.311281	180.5433	357.3888
40.32	4.317214	180.674	357.3986
40.34	4.323272	180.808	357.4087
40.36	4.329424	180.9445	357.419
40.38	4.335726	181.085	357.4296
40.4	4.342141	181.2286	357.4405
40.42	4.348722	181.3766	357.4517
40.44	4.355426	181.528	357.4632
40.46	4.362223	181.6822	357.4749
40.48	4.369086	181.8387	357.4868
40.5	4.376074	181.9987	357.499
40.52	4.383153	182.1617	357.5114
40.54	4.390297	182.327	357.5241
40.56	4.397562	182.4959	357.537
40.58	4.404914	182.6678	357.5502
40.6	4.412408	182.844	357.5638
40.62	4.42	183.0234	357.5776
40.64	4.427661	183.2056	357.5916
40.66	4.435444	183.3918	357.606
40.68	4.443312	183.5811	357.6207
40.7	4.451238	183.773	357.6356
40.72	4.459271	183.9688	357.6508
40.74	4.467379	184.1677	357.6663
40.76	4.475609	184.371	357.6821
40.78	4.48392	184.5777	357.6982
40.8	4.492284	184.7871	357.7146
40.82	4.500748	185.0006	357.7314
40.84	4.509275	185.2174	357.7484
40.86	4.517841	185.4367	357.7657
40.88	4.526491	185.66	357.7833
40.9	4.535192	185.8864	357.8011
40.92	4.543918	186.1153	357.8192
40.94	4.552716	186.3481	357.8377
40.96	4.561553	186.5839	357.8564
40.98	4.570405	186.8222	357.8754
41	4.579318	187.0643	357.8947
41.02	4.588259	187.3095	357.9143
41.04	4.597204	187.5571	357.9341
41.06	4.606199	187.8085	357.9543
41.08	4.615213	188.0629	357.9748
41.1	4.62422	188.3198	357.9955
41.12	4.633265	188.5804	358.0165
41.14	4.642318	188.8441	358.0378
41.16	4.651355	189.1102	358.0594
41.18	4.660418	189.3801	358.0813
41.2	4.669477	189.653	358.1035
41.22	4.678569	189.9301	358.1261
41.24	4.687664	190.2107	358.149
41.26	4.696732	190.494	358.1721
41.28	4.705811	190.7813	358.1957
41.3	4.714872	191.0719	358.2195
41.32	4.723891	191.365	358.2437
41.34	4.731018	191.5995	358.263
41.36	4.736663	191.7871	358.2785
41.38	4.741143	191.9372	358.2909
41.4	4.744701	192.0573	358.3008
41.42	4.747536	192.1533	358.3087
41.44	4.749792	192.2302	358.3151
41.46	4.751591	192.2916	358.3202
41.48	4.753027	192.3408	358.3243
41.5	4.754172	192.3802	358.3275
41.52	4.755087	192.4117	358.3301
41.54	4.755818	192.4368	358.3322
41.56	4.756402	192.457	358.3339
41.58	4.75687	192.4731	358.3352
41.6	4.757244	192.486	358.3363
41.62	4.757542	192.4963	358.3372
41.64	4.757781	192.5045	358.3379
41.66	4.757971	192.5112	358.3384
41.68	4.758123	192.5164	358.3388
41.7	4.758245	192.5207	358.3392
41.72	4.758344	192.524	358.3395
41.74	4.758422	192.5267	358.3397
41.76	4.758484	192.5289	358.3399
41.78	4.758534	192.5306	358.34
41.8	4.758574	192.532	358.3401
41.82	4.758606	192.5331	358.3402
41.84	4.758631	192.534	358.3403
41.86	4.758651	192.5347	358.3404
41.88	4.758667	192.5353	358.3404
41.9	4.758682	192.5357	358.3405
41.92	4.758692	192.5361	358.3405
41.94	4.7587	192.5364	358.3405
41.96	4.758707	192.5366	358.3405
41.98	4.758712	192.5368	358.3405
42	4.758717	192.537	358.3405
42.02	4.75872	192.5371	358.3405
42.04	4.758723	192.5372	358.3405
42.06	4.758725	192.5372	358.3406
42.08	4.758727	192.5373	358.3406
42.1	4.758728	192.5374	358.3406
42.12	4.758729	192.5374	358.3406
42.14	4.75873	192.5374	358.3406
42.16	4.758731	192.5374	358.3406
42.18	4.758731	192.5375	358.3406
42.2	4.758731	192.5375	358.3406
42.22	4.758731	192.5375	358.3406
42.24	4.758732	192.5375	358.3406
42.26	4.758732	192.5375	358.3406
42.28	4.758732	192.5375	358.3406
42.3	4.758732	192.5375	358.3406
42.32	4.758732	192.5375	358.3406
42.34	4.758732	192.5375	358.3406
42.36	4.758732	192.5375	358.3406
42.38	4.758732	192.5375	358.3406
42.4	4.758732	192.5375	358.3406
42.42	4.758732	192.5375	358.3406
42.44	4.758732	192.5375	358.3406
42.46	4.758732	192.5375	358.3406
42.48	4.758732	192.5375	358.3406
42.5	4.758732	192.5375	358.3406
42.52	4.758732	192.5376	358.3406
42.54	4.758732	192.5376	358.3406
42.56	4.758732	192.5376	358.3406
42.58	4.758732	192.5376	358.3406
42.6	4.758732	192.5376	358.3406
42.62	4.758732	192.5376	358.3406
42.64	4.758732	192.5376	358.3406
42.66	4.758732	192.5376	358.3406
42.68	4.758732	192.5376	358.3406
42.7	4.758732	192.5376	358.3406
42.72	4.758732	192.5376	358.3406
42.74	4.758732	192.5376	358.3406
42.76	4.758732	192.5376	358.3406
42.78	4.758732	192.5376	358.3406
42.8	4.758732	192.5376	358.3406
42.82	4.758732	192.5376	358.3406
42.84	4.758732	192.5376	358.3406
42.86	4.758732	192.5376	358.3406
42.88	4.758732	192.5376	358.3406
42.9	4.758732	192.5376	358.3406
42.92	4.758732	192.5376	358.3406
42.94	4.758732	192.5376	358.3406
42.96	4.758732	192.5376	358.3406
42.98	4.758732	192.5376	358.3406
43	4.758732	192.5376	358.3406
43.02	4.758732	192.5376	358.3406
43.04	4.758732	192.5376	358.3406
43.06	4.758732	192.5376	358.3406
43.08	4.758732	192.5376	358.3406
43.1	4.758732	192.5376	358.3406
43.12	4.758732	192.5376	358.3406
43.14	4.758732	192.5376	358.3406
43.16	4.758732	192.5376	358.3406
43.18	4.758732	192.5376	358.3406
43.2	4.758732	192.5376	358.3406
43.22	4.758732	192.5376	358.3406
43.24	4.758732	192.5376	358.3406
43.26	4.758732	192.5376	358.3406
43.28	4.758732	192.5376	358.3406
43.3	4.758732	192.5376	358.3406
43.32	4.758732	192.5376	358.3406
43.34	4.758732	192.5376	358.3406
43.36	4.758732	192.5376	358.3406
43.38	4.758732	192.5376	358.3406
43.4	4.758732	192.5376	358.3406
43.42	4.758732	192.5376	358.3406
43.44	4.758732	192.5376	358.3406
43.46	4.758732	192.5376	358.3406
43.48	4.758732	192.5376	358.3406
43.5	4.758732	192.5376	358.3406
43.52	4.758732	192.5376	358.3406
43.54	4.758732	192.5376	358.3406
43.56	4.758732	192.5376	358.3406
43.58	4.758732	192.5376	358.3406
43.6	4.758732	192.5376	358.3406
43.62	4.758732	192.5376	358.3406
43.64	4.758732	192.5376	358.3406
43.66	4.758732	192.5376	358.3406
43.68	4.758732	192.5376	358.3406
43.7	4.758732	192.5376	358.3406
43.72	4.758732	192.5376	358.3406
43.74	4.758732	192.5376	358.3406
43.76	4.758732	192.5376	358.3406
43.78	4.758732	192.5376	358.3406
43.8	4.758732	192.5376	358.3406
43.82	4.758732	192.5376	358.3406
43.84	4.758732	192.5376	358.3406
43.86	4.758732	192.5376	358.3406
43.88	4.758732	192.5376	358.3406
43.9	4.758732	192.5376	358.3406
43.92	4.758732	192.5376	358.3406
43.94	4.758732	192.5376	358.3406
43.96	4.758732	192.5376	358.3406
43.98	4.758732	192.5376	358.3406
44	4.758732	192.5376	358.3406
44.02	4.758732	192.5376	358.3406
44.04	4.758732	192.5376	358.3406
44.06	4.758732	192.5376	358.3406
44.08	4.758732	192.5376	358.3406
44.1	4.758732	192.5376	358.3406
44.12	4.758732	192.5376	358.3406
44.14	4.758732	192.5376	358.3406
44.16	4.758732	192.5376	358.3406
44.18	4.758732	192.5376	358.3406
44.2	4.758732	192.5376	358.3406
44.22	4.758732	192.5376	358.3406
44.24	4.758732	192.5376	358.3406
44.26	4.758732	192.5376	358.3406
44.28	4.758732	192.5376	358.3406
44.3	4.758732	192.5376	358.3406
44.32	4.758732	192.5376	358.3406
44.34	4.758732	192.5376	358.3406
44.36	4.758732	192.5376	358.3406
44.38	4.758732	192.5376	358.3406
44.4	4.758732	192.5376	358.3406
44.42	4.758732	192.5376	358.3406
44.44	4.758732	192.5376	358.3406
44.46	4.758732	192.5376	358.3406
44.48	4.758732	192.5376	358.3406
44.5	4.758732	192.5376	358.3406
44.52	4.758732	192.5376	358.3406
44.54	4.758732	192.5376	358.3406
44.56	4.758732	192.5376	358.3406
44.58	4.758732	192.5376	358.3406
44.6	4.758732	192.5376	358.3406
44.62	4.758732	192.5376	358.3406
44.64	4.758732	192.5376	358.3406
44.66	4.758732	192.5376	358.3406
44.68	4.758732	192.5376	358.3406
44.7	4.758732	192.5376	358.3406
44.72	4.758732	192.5376	358.3406
44.74	4.758732	192.5376	358.3406
44.76	4.758732	192.5376	358.3406
44.78	4.758732	192.5376	358.3406
44.8	4.758732	192.5376	358.3406
44.82	4.758732	192.5376	358.3406
44.84	4.758732	192.5376	358.3406
44.86	4.758732	192.5376	358.3406
44.88	4.758732	192.5376	358.3406
44.9	4.758732	192.5376	358.3406
44.92	4.758732	192.5376	358.3406
44.94	4.758732	192.5376	358.3406
44.96	4.758732	192.5376	358.3406
44.98	4.758732	192.5376	358.3406
45	4.758732	192.5376	358.3406
45.02	4.758732	192.5376	358.3406
45.04	4.758732	192.5376	358.3406
45.06	4.758732	192.5376	358.3406
45.08	4.758732	192.5376	358.3406
45.1	4.758732	192.5376	358.3406
45.12	4.758732	192.5376	358.3406
45.14	4.758732	192.5376	358.3406
45.16	4.758732	192.5376	358.3406
45.18	4.758732	192.5376	358.3406
45.2	4.758732	192.5376	358.3406
45.22	4.758732	192.5376	358.3406
45.24	4.758732	192.5376	358.3406
45.26	4.758732	192.5376	358.3406
45.28	4.758732	192.5376	358.3406
45.3	4.7